Time	Ax	Ay	Az	Asum	gx	gy	gz
0	0.19	-0.97	0.09	0.99	-77.89	-64.07	-53.65	
1	0.16	-0.94	0.09	0.96	-78.39	-68.84	-59.11	
2	0.13	-0.97	0.11	0.98	-79.00	-72.46	-63.71	
3	0.11	-0.98	0.10	1.00	-79.70	-76.16	-68.38	
4	0.07	-1.05	0.09	1.05	-80.65	-80.10	-73.04	
5	-0.03	-1.04	0.13	1.05	-82.03	-82.89	-76.04	
6	0.03	-0.98	0.09	0.98	-83.31	-85.43	-77.93	
7	0.16	-1.05	-0.04	1.06	-96.11	-84.40	-86.86	
8	-0.10	-1.00	-0.01	1.00	-94.95	-70.61	-99.88	
9	-0.09	-0.97	-0.08	0.98	-94.05	-46.11	-122.94	
10	-0.06	-1.00	-0.02	1.00	-93.88	-23.89	-143.83	
11	-0.15	-0.93	-0.04	0.94	-93.89	2.04	-167.81	
12	-0.09	-1.11	-0.06	1.11	-94.74	13.39	-176.80	
13	-0.14	-1.02	-0.02	1.03	-95.14	22.95	175.60	
14	-0.19	-0.97	-0.01	0.99	-95.79	32.14	167.87	
15	-0.17	-1.01	0.00	1.02	-96.31	37.44	164.10	
16	-0.20	-1.02	-0.00	1.04	-97.00	41.63	161.17	
17	-0.17	-1.00	0.06	1.02	-97.29	45.31	158.83	
18	-0.08	-1.02	0.05	1.02	-97.08	45.91	159.33	
19	-0.11	-0.94	0.08	0.95	-96.57	48.70	157.35	
20	-0.07	-0.92	0.13	0.94	-95.40	53.84	152.38	
21	0.02	-0.87	0.03	0.87	-93.94	54.32	151.16	
22	-0.04	-0.99	0.16	1.01	-92.41	68.26	135.88	
23	-0.18	-1.40	-0.09	1.41	-91.90	74.90	128.28	
24	0.13	-0.72	0.01	0.73	-91.11	45.31	158.28	
25	0.28	-0.72	-0.05	0.78	-91.49	-59.52	-97.59	
26	0.09	-1.19	0.04	1.19	-92.49	-64.08	-93.78	
27	0.11	-1.12	0.11	1.13	-93.21	-78.58	-79.76	
28	0.12	-0.91	0.10	0.92	-93.88	-80.74	-77.94	
29	0.17	-0.91	0.03	0.93	-94.96	-71.15	-87.90	
30	0.20	-0.93	0.06	0.96	-96.10	-64.10	-95.66	
31	0.14	-1.01	0.07	1.02	-96.71	-58.94	-101.70	
32	0.14	-1.04	0.10	1.05	-97.14	-58.19	-103.58	
33	0.17	-0.96	0.10	0.98	-97.52	-58.89	-104.00	
34	0.12	-0.94	0.13	0.96	-97.56	-58.87	-105.03	
35	0.10	-0.96	0.18	0.98	-97.02	-58.35	-106.03	
36	0.09	-0.98	0.19	1.00	-95.76	-60.18	-103.72	
37	0.19	-0.89	0.21	0.93	-94.29	-71.88	-91.01	
38	0.01	-1.11	0.15	1.12	-87.58	-81.36	-62.41	
39	-0.23	-1.62	-0.07	1.63	-88.95	-49.14	-27.34	
40	0.26	-0.70	0.08	0.75	-86.92	-87.32	-68.69	
41	-0.03	-0.42	-0.12	0.44	-92.12	-59.44	-101.99	
42	-0.17	-1.23	-0.09	1.24	-92.87	3.59	-162.51	
43	-0.16	-1.32	0.02	1.33	-93.24	14.80	-173.10	
44	-0.09	-0.87	0.04	0.87	-93.98	35.85	165.61	
45	0.01	-0.92	-0.04	0.92	-94.99	41.14	161.34	
46	-0.15	-1.04	0.07	1.05	-95.92	49.20	154.60	
47	-0.12	-0.93	0.08	0.94	-96.31	57.09	147.09	
48	-0.11	-0.99	0.03	1.00	-96.72	58.43	146.81	
49	-0.22	-1.00	-0.01	1.02	-97.56	58.19	148.51	
50	-0.20	-0.97	0.01	0.99	-98.37	61.09	147.61	
51	-0.08	-1.03	0.02	1.03	-98.77	62.64	148.81	
52	-0.04	-1.01	0.06	1.01	-98.99	64.49	149.70	
53	-0.03	-0.97	0.09	0.97	-99.05	65.76	150.46	
54	-0.04	-0.95	0.08	0.96	-99.13	65.61	151.98	
55	-0.06	-0.97	0.09	0.98	-99.22	64.12	154.10	
56	-0.02	-1.00	0.10	1.00	-99.05	61.34	156.66	
57	-0.01	-0.98	0.14	0.99	-98.56	58.41	158.67	
58	-0.04	-0.99	0.15	1.00	-97.82	55.41	160.23	
59	-0.07	-1.06	0.18	1.08	-96.45	55.17	158.14	
60	-0.09	-1.01	0.16	1.03	-94.52	63.34	147.32	
61	-0.18	-1.35	-0.20	1.37	-93.88	59.58	148.48	
62	-0.10	-0.83	0.04	0.84	-94.46	66.70	140.92	
63	-0.16	-0.59	-0.02	0.61	-94.55	75.30	132.93	
64	-0.03	-1.29	-0.10	1.29	-94.17	56.92	151.21	
65	0.10	-1.06	-0.01	1.06	-93.79	51.63	157.79	
66	-0.00	-0.78	0.08	0.78	-93.08	58.25	152.00	
67	0.04	-1.04	-0.04	1.04	-93.03	41.51	168.84	
68	0.08	-1.00	-0.03	1.00	-93.14	24.30	-174.17	
69	0.08	-0.98	0.05	0.99	-93.03	18.16	-168.19	
70	0.02	-1.03	0.07	1.03	-92.97	19.03	-169.25	
71	0.02	-1.02	0.07	1.02	-93.04	20.21	-170.36	
72	0.06	-1.00	0.05	1.00	-92.97	18.50	-168.32	
73	0.07	-0.97	0.04	0.97	-93.09	15.13	-164.59	
74	0.03	-0.97	0.06	0.97	-93.14	18.44	-167.41	
75	-0.03	-1.00	0.05	1.00	-93.47	29.22	-177.12	
76	-0.04	-1.03	0.05	1.03	-94.13	39.99	173.80	
77	-0.09	-0.99	0.09	1.00	-94.99	53.75	162.66	
78	0.03	-0.95	0.04	0.95	-95.91	61.71	158.67	
79	0.21	-0.95	-0.06	0.97	-96.26	58.83	165.05	
80	-0.06	-0.96	-0.12	0.97	-97.36	59.17	168.00	
81	0.09	-0.87	-0.01	0.87	-97.94	56.17	174.09	
82	0.07	-0.74	0.05	0.74	-98.00	51.00	-179.96	
83	-0.22	-0.83	0.01	0.86	-99.68	55.43	177.35	
84	-0.03	-0.80	0.05	0.80	-99.74	60.83	173.93	
85	0.03	-0.68	0.04	0.68	-99.82	65.00	172.54	
86	0.06	-0.70	0.01	0.70	-99.89	66.53	173.53	
87	0.12	-0.59	0.22	0.64	-100.03	70.44	174.17	
88	-0.15	-0.62	0.47	0.79	-101.10	80.73	172.39	
89	0.14	-1.30	-0.48	1.39	-98.14	64.85	-167.27	
90	-0.27	-0.59	0.32	0.73	-97.09	77.58	-179.28	
91	0.38	-0.68	-0.46	0.90	-99.06	59.96	-161.80	
92	0.20	-1.03	-0.04	1.05	-103.57	52.67	-153.84	
93	-0.82	-0.84	-1.31	1.76	-115.31	43.73	-147.90	
94	-1.39	-3.32	-2.11	4.18	-136.28	32.19	-143.40	
95	-0.06	-0.36	-0.04	0.37	-141.01	26.51	-144.86	
96	0.22	-0.37	-0.48	0.64	-155.40	30.36	-147.32	
97	-0.28	-0.95	-0.07	1.00	-162.67	29.46	-145.00	
98	-0.61	-0.82	-1.06	1.47	-173.36	37.67	-142.29	
99	-0.10	0.85	-0.52	1.00	179.58	37.75	-145.73	
100	-1.08	-0.57	-1.45	1.89	174.06	38.59	-145.78	
101	-2.27	0.95	-0.87	2.61	-179.92	35.83	-147.05	
102	-1.59	-0.02	-1.16	1.97	-177.14	40.35	-144.71	
103	-0.80	0.76	-0.55	1.24	-178.33	57.63	-145.13	
104	-3.84	0.56	-2.43	4.58	-178.76	81.72	-141.98	
105	0.91	-0.93	0.72	1.49	179.39	82.90	-137.72	
106	-1.81	0.70	0.44	1.99	7.41	86.95	-144.74	
107	-1.00	0.46	0.12	1.11	10.33	83.69	-150.77	
108	-0.46	0.05	0.54	0.71	8.71	77.63	-151.65	
109	-1.08	0.07	0.24	1.11	8.85	73.66	-153.07	
110	-0.90	0.27	0.21	0.96	9.89	73.20	-154.69	
111	-1.02	-0.06	0.32	1.07	7.59	72.19	-155.45	
112	-0.92	-0.17	0.22	0.96	5.96	73.58	-155.77	
113	-0.96	-0.07	0.15	0.97	5.49	73.68	-156.59	
114	-0.93	-0.16	0.25	0.98	4.51	72.47	-157.34	
115	-0.99	-0.09	0.29	1.03	4.26	70.69	-157.79	
116	-0.97	-0.02	0.33	1.02	4.60	68.96	-158.03	
117	-0.93	-0.00	0.32	0.99	4.84	67.34	-158.01	
118	-0.86	0.05	0.38	0.94	5.11	65.89	-158.16	
119	-0.86	0.02	0.43	0.96	4.95	64.19	-157.98	
120	-0.92	-0.02	0.43	1.01	4.51	62.77	-158.13	
121	-0.89	-0.04	0.46	1.01	4.03	61.42	-158.49	
122	-0.88	-0.06	0.47	1.00	3.47	60.01	-158.77	
123	-0.90	-0.06	0.49	1.03	2.99	58.43	-159.14	
124	-0.89	-0.08	0.49	1.02	2.57	56.90	-159.70	
125	-0.82	-0.06	0.50	0.96	2.44	55.13	-160.39	
126	-0.79	-0.03	0.57	0.97	2.49	52.88	-160.95	
127	-0.77	-0.04	0.61	0.99	2.21	50.42	-161.38	
128	-0.73	-0.04	0.64	0.97	1.92	47.91	-161.87	
129	-0.68	-0.06	0.68	0.97	1.47	45.35	-162.31	
130	-0.65	-0.05	0.73	0.98	1.04	42.59	-162.71	
131	-0.62	-0.09	0.72	0.95	0.45	40.10	-163.21	
132	-0.59	-0.06	0.77	0.97	0.30	37.28	-163.87	
133	-0.57	-0.06	0.82	1.00	0.09	34.63	-164.44	
134	-0.49	-0.08	0.81	0.95	0.11	32.26	-165.21	
135	-0.36	-0.03	0.87	0.94	0.11	29.96	-165.91	
136	-0.48	-0.08	0.89	1.02	-0.01	27.38	-166.49	
137	-0.40	-0.07	0.86	0.95	0.05	24.92	-167.19	
138	-0.26	-0.05	0.87	0.91	-0.17	22.86	-167.66	
139	-0.28	-0.03	0.91	0.95	-0.21	20.47	-168.04	
140	-0.15	-0.04	0.92	0.93	-0.53	18.81	-168.08	
141	-0.18	-0.07	0.93	0.95	-0.78	17.61	-168.08	
142	-0.07	-0.06	0.90	0.90	-0.87	16.83	-168.03	
143	-0.14	-0.09	0.95	0.97	-0.91	16.14	-167.86	
144	-0.19	-0.11	0.93	0.95	-1.13	16.35	-167.65	
145	-0.22	-0.09	0.93	0.96	-1.24	16.41	-167.54	
146	-0.31	-0.10	0.90	0.95	-1.42	16.44	-167.43	
147	-0.29	-0.14	0.91	0.97	-1.75	17.11	-167.27	
148	-0.33	-0.12	0.91	0.98	-1.91	17.57	-167.19	
149	-0.32	-0.09	0.91	0.97	-1.80	18.23	-167.15	
150	-0.33	-0.13	0.91	0.98	-2.03	18.42	-167.05	
151	-0.36	-0.09	0.92	0.99	-2.21	18.28	-166.88	
152	-0.36	-0.08	0.94	1.01	-2.35	18.08	-166.80	
153	-0.37	-0.17	0.84	0.93	-2.74	17.47	-166.96	
154	-0.20	-0.12	0.94	0.97	-2.87	16.60	-167.08	
155	-0.15	-0.15	0.93	0.95	-3.16	16.03	-167.20	
156	-0.16	-0.12	0.93	0.95	-3.18	15.52	-167.35	
157	-0.20	-0.11	0.94	0.96	-3.10	15.33	-167.49	
158	-0.28	-0.43	0.86	1.00	-3.47	16.97	-167.16	
159	-0.24	-0.43	0.89	1.02	-5.22	17.58	-166.66	
160	-0.27	-0.12	0.85	0.90	-4.16	17.54	-167.43	
161	-0.29	-0.06	0.88	0.93	-2.83	17.57	-167.57	
162	-0.33	-0.07	1.02	1.07	-2.58	17.97	-167.31	
163	-0.31	-0.14	0.93	0.99	-2.79	17.58	-167.01	
164	-0.25	-0.08	0.88	0.92	-1.76	17.68	-167.22	
165	-0.26	-0.06	0.88	0.92	-1.00	17.60	-167.31	
166	-0.25	-0.12	0.95	0.99	-0.64	17.18	-167.37	
167	-0.26	-0.07	0.95	0.99	-0.34	17.27	-167.28	
168	-0.27	-0.12	0.90	0.95	-0.51	17.25	-167.08	
169	-0.22	-0.04	0.88	0.91	-0.98	16.74	-166.95	
170	-0.28	-0.15	0.90	0.95	-0.97	16.74	-167.05	
171	-0.26	-0.05	0.95	0.98	-1.01	17.09	-167.15	
172	-0.27	-0.07	0.89	0.93	-1.23	17.21	-167.17	
173	-0.27	-0.08	0.91	0.95	-1.22	17.48	-167.19	
174	-0.28	-0.06	0.91	0.95	-1.21	17.64	-167.13	
175	-0.28	-0.13	0.88	0.94	-1.52	17.71	-166.84	
176	-0.29	-0.09	0.93	0.98	-1.34	18.00	-166.75	
177	-0.27	-0.12	0.95	0.99	-1.75	17.99	-166.52	
178	-0.28	-0.11	0.92	0.96	-2.78	17.13	-166.26	
179	-0.27	-0.12	0.92	0.96	-2.96	17.07	-166.27	
180	-0.27	-0.14	0.91	0.96	-3.22	16.94	-166.24	
181	-0.26	-0.13	0.92	0.96	-3.44	16.77	-166.23	
182	-0.26	-0.12	0.92	0.96	-3.67	16.75	-166.18	
183	-0.26	-0.13	0.90	0.95	-3.90	16.69	-166.10	
184	-0.23	-0.12	0.92	0.96	-3.87	16.76	-166.07	
185	-0.29	-0.18	0.85	0.92	-4.70	16.84	-165.74	
186	-0.24	-0.15	0.90	0.94	-4.54	17.17	-165.74	
187	-0.28	-0.15	0.93	0.98	-4.20	17.91	-165.57	
188	-0.28	-0.12	0.92	0.97	-4.34	17.37	-165.40	
189	-0.26	-0.17	0.94	0.99	-5.03	16.10	-165.18	
190	-0.26	-0.18	0.89	0.94	-5.55	15.89	-165.05	
191	-0.25	-0.15	0.92	0.96	-5.87	15.83	-164.99	
192	-0.25	-0.14	0.89	0.94	-5.28	16.33	-165.04	
193	-0.27	-0.17	0.92	0.97	-4.53	17.66	-165.14	
194	-0.31	-0.13	0.92	0.98	-3.94	18.69	-165.22	
195	-0.31	-0.14	0.89	0.95	-3.63	19.36	-165.34	
196	-0.32	-0.13	0.91	0.97	-3.44	20.11	-165.38	
197	-0.33	-0.13	0.88	0.95	-3.56	20.50	-165.39	
198	-0.33	-0.13	0.90	0.97	-3.55	20.91	-165.41	
199	-0.33	-0.13	0.89	0.96	-3.41	20.92	-165.48	
200	-0.34	-0.11	0.87	0.94	-2.98	20.81	-165.61	
201	-0.33	-0.12	0.89	0.96	-2.62	21.09	-165.80	
202	-0.34	-0.12	0.90	0.96	-2.69	21.31	-165.85	
203	-0.35	-0.10	0.89	0.96	-2.70	21.52	-165.90	
204	-0.35	-0.12	0.89	0.96	-2.81	21.79	-165.92	
205	-0.34	-0.12	0.89	0.96	-2.96	21.94	-165.90	
206	-0.37	-0.10	0.86	0.95	-2.86	21.89	-165.92	
207	-0.36	-0.10	0.87	0.95	-2.60	22.45	-166.22	
