Time	Ax	Ay	Az	Asum	gx	gy	gz
0	0.15	-0.96	-0.12	0.97	-101.29	-51.49	-119.08	
1	0.16	-0.94	-0.10	0.96	-101.97	-48.03	-123.56	
2	0.09	-0.97	-0.09	0.98	-102.37	-43.40	-129.22	
3	0.05	-1.01	-0.13	1.02	-102.72	-37.50	-135.64	
4	0.01	-1.11	-0.20	1.13	-103.11	-30.26	-142.63	
5	0.06	-0.96	-0.10	0.97	-102.87	-26.94	-145.53	
6	0.14	-0.96	-0.20	0.99	-103.26	-25.02	-146.93	
7	0.04	-0.94	-0.15	0.96	-103.52	-21.77	-149.68	
8	0.00	-1.04	-0.21	1.06	-103.73	-17.32	-153.11	
9	0.02	-1.02	-0.23	1.05	-104.12	-13.58	-155.95	
10	-0.04	-0.99	-0.23	1.02	-104.31	-9.19	-159.85	
11	-0.04	-1.01	-0.28	1.05	-104.89	-4.60	-163.27	
12	-0.05	-0.95	-0.24	0.98	-105.29	-0.43	-166.30	
13	-0.09	-0.92	-0.22	0.95	-105.65	3.80	-169.52	
14	-0.07	-1.06	-0.21	1.08	-105.83	6.07	-171.12	
15	-0.10	-1.04	-0.22	1.07	-105.69	8.76	-173.73	
16	-0.19	-0.96	-0.18	1.00	-105.72	13.33	-178.27	
17	-0.21	-0.92	-0.17	0.96	-105.93	17.68	177.89	
18	-0.16	-0.93	-0.18	0.96	-106.45	20.65	175.72	
19	-0.17	-1.00	-0.21	1.04	-107.26	22.16	175.28	
20	-0.15	-1.03	-0.19	1.05	-107.88	22.86	175.65	
21	-0.12	-0.99	-0.14	1.01	-108.07	23.73	175.60	
22	-0.12	-0.96	-0.12	0.97	-108.08	24.24	175.51	
23	-0.12	-0.97	-0.04	0.98	-107.53	24.48	174.88	
24	-0.10	-0.96	-0.06	0.96	-106.33	23.09	175.16	
25	-0.16	-1.17	-0.19	1.20	-105.33	20.58	175.98	
26	0.05	-1.19	-0.32	1.23	-104.93	15.79	179.01	
27	-0.08	-0.79	-0.07	0.80	-104.21	16.01	178.79	
28	0.04	-0.78	-0.22	0.81	-104.16	9.55	-176.62	
29	0.09	-1.13	-0.27	1.17	-104.36	2.79	-172.05	
30	0.09	-1.05	-0.22	1.07	-104.10	-2.03	-168.70	
31	0.14	-0.93	-0.15	0.95	-103.60	-8.71	-163.49	
32	0.10	-0.99	-0.17	1.01	-103.62	-13.92	-159.79	
33	0.12	-1.01	-0.16	1.03	-103.94	-18.86	-156.47	
34	0.17	-0.91	-0.14	0.94	-104.36	-23.65	-152.94	
35	0.21	-0.94	-0.11	0.97	-105.12	-27.21	-151.02	
36	0.15	-1.00	-0.15	1.03	-105.86	-28.77	-151.41	
37	0.08	-1.01	-0.10	1.02	-106.15	-29.39	-152.79	
38	0.07	-0.95	-0.04	0.96	-106.12	-29.26	-154.35	
39	0.10	-0.98	-0.01	0.99	-105.85	-28.11	-156.32	
40	0.06	-1.11	-0.04	1.11	-104.96	-26.12	-158.35	
41	-0.01	-1.07	0.00	1.07	-102.89	-24.20	-159.60	
42	0.15	-1.11	-0.26	1.15	-102.91	-22.13	-161.33	
43	0.17	-0.91	-0.21	0.95	-103.90	-23.58	-160.52	
44	0.04	-0.85	-0.12	0.86	-103.03	-21.33	-162.92	
45	0.11	-1.03	-0.27	1.07	-103.63	-17.41	-166.93	
46	-0.08	-0.99	-0.25	1.02	-104.04	-14.32	-170.95	
47	-0.14	-1.04	-0.19	1.06	-103.64	-11.10	-175.84	
48	-0.07	-0.99	-0.17	1.01	-103.37	-9.71	-178.05	
49	0.06	-0.98	-0.10	0.98	-102.98	-9.69	-178.22	
50	-0.05	-1.05	-0.14	1.06	-102.77	-9.24	179.98	
51	-0.11	-0.99	-0.17	1.01	-102.66	-8.18	176.78	
52	-0.11	-0.92	-0.18	0.95	-102.85	-7.17	174.19	
53	-0.11	-1.01	-0.24	1.04	-103.54	-5.80	171.25	
54	-0.06	-1.05	-0.19	1.06	-104.24	-5.43	168.98	
55	0.00	-0.96	-0.12	0.97	-104.34	-7.36	168.53	
56	-0.13	-0.98	-0.17	1.00	-104.57	-7.97	166.32	
57	-0.14	-0.96	-0.16	0.99	-104.75	-8.10	163.92	
58	-0.06	-0.98	-0.11	0.99	-104.36	-10.78	163.68	
59	-0.03	-1.04	-0.10	1.05	-103.62	-15.07	164.41	
60	-0.02	-0.93	-0.17	0.94	-103.31	-19.89	165.29	
61	-0.03	-1.04	-0.27	1.07	-103.57	-22.36	163.24	
62	0.10	-1.06	-0.14	1.07	-103.95	-23.66	161.16	
63	-0.05	-0.83	-0.10	0.84	-103.55	-23.94	158.98	
64	-0.06	-0.96	-0.17	0.98	-103.57	-23.22	155.30	
65	-0.05	-0.98	-0.23	1.00	-103.87	-21.69	151.25	
66	0.05	-0.86	-0.23	0.89	-104.67	-20.74	148.31	
67	-0.04	-0.95	-0.26	0.98	-105.80	-20.24	145.39	
68	-0.07	-0.90	-0.28	0.94	-107.23	-17.21	140.40	
69	0.05	-0.85	-0.22	0.88	-109.29	-14.94	137.12	
70	0.05	-0.97	-0.42	1.06	-112.76	-13.25	134.77	
71	0.02	-0.89	-0.34	0.95	-116.42	-11.47	132.14	
72	0.06	-0.87	-0.47	0.99	-120.22	-11.15	130.67	
73	-0.12	-0.77	-0.38	0.87	-123.88	-8.98	128.93	
74	0.07	-0.78	-0.57	0.96	-127.93	-8.64	128.74	
75	-0.03	-0.72	-0.39	0.82	-131.50	-8.27	128.40	
76	-0.08	-0.79	-0.63	1.02	-135.56	-7.33	127.71	
77	-0.00	-0.63	-0.46	0.78	-139.45	-7.20	128.38	
78	-0.08	-0.73	-0.80	1.08	-144.11	-6.71	128.92	
79	-0.02	-0.62	-0.58	0.85	-147.77	-6.88	129.66	
80	-0.08	-0.57	-0.79	0.97	-152.49	-6.61	130.16	
81	-0.15	-0.54	-0.79	0.97	-157.36	-6.30	130.52	
82	-0.06	-0.49	-0.83	0.96	-162.82	-6.09	130.46	
83	-0.25	-0.49	-0.81	0.98	-168.27	-5.78	130.44	
84	-0.25	-0.36	-0.83	0.94	-172.95	-5.64	130.25	
85	0.05	-0.19	-0.72	0.75	-177.51	-7.21	130.30	
86	0.65	-0.24	-1.48	1.63	-176.97	-16.26	130.24	
87	-0.32	0.11	-0.97	1.03	-174.82	-19.99	128.98	
88	0.33	0.04	-0.76	0.83	-175.65	-23.67	127.42	
89	0.42	0.42	-1.14	1.28	-178.76	-27.00	125.88	
90	0.48	0.17	-1.65	1.73	-179.63	-31.78	125.14	
91	0.19	0.19	-0.43	0.51	-179.59	-32.66	126.90	
92	1.19	-0.76	-1.18	1.84	-175.30	-45.20	129.08	
93	1.45	-0.10	-0.48	1.54	-167.71	-51.67	132.38	
94	4.74	0.74	-2.50	5.41	-162.79	-64.23	133.53	
95	-1.40	-0.65	0.28	1.57	-169.29	-67.28	137.43	
96	0.97	0.08	0.24	1.00	179.55	-89.07	156.36	
97	2.13	0.39	0.73	2.29	7.93	-78.97	161.13	
98	1.22	0.10	0.73	1.42	11.16	-73.81	165.58	
99	0.52	-0.04	-0.13	0.54	13.59	-75.22	165.80	
100	0.63	0.63	0.31	0.94	15.80	-68.13	166.52	
101	1.34	0.22	0.24	1.38	14.04	-65.88	167.50	
102	1.02	0.29	0.17	1.08	12.73	-63.56	169.54	
103	0.66	0.16	0.46	0.82	12.13	-59.48	168.98	
104	0.63	0.04	0.60	0.87	10.09	-54.03	168.61	
105	0.70	0.08	0.68	0.98	7.91	-49.47	169.47	
106	0.64	-0.01	0.80	1.03	5.91	-47.12	170.38	
107	0.64	-0.11	0.51	0.83	4.05	-47.39	171.07	
108	0.64	-0.16	0.37	0.76	2.48	-46.50	172.47	
109	0.72	-0.24	0.84	1.13	-0.67	-43.68	172.97	
110	0.76	-0.18	0.75	1.09	-1.90	-42.56	173.47	
111	0.69	-0.07	0.52	0.86	-1.52	-43.16	173.60	
112	0.71	-0.05	0.65	0.96	-2.12	-42.67	173.19	
113	0.71	-0.13	0.77	1.06	-3.54	-40.90	173.16	
114	0.71	-0.20	0.70	1.02	-4.78	-39.86	173.04	
115	0.63	-0.21	0.63	0.92	-5.45	-38.99	172.94	
116	0.57	-0.24	0.73	0.96	-6.02	-37.06	173.18	
117	0.50	-0.24	0.81	0.98	-6.76	-34.84	173.65	
118	0.44	-0.20	0.80	0.94	-7.05	-33.49	174.03	
119	0.45	-0.20	0.80	0.94	-7.31	-32.57	174.20	
120	0.43	-0.18	0.85	0.97	-7.79	-31.81	174.32	
121	0.53	-0.19	0.79	0.97	-8.35	-31.88	174.13	
122	0.53	-0.16	0.76	0.94	-8.74	-32.28	173.93	
123	0.60	-0.21	0.76	0.99	-9.14	-32.76	173.88	
124	0.60	-0.20	0.78	1.00	-9.41	-32.79	173.89	
125	0.58	-0.23	0.77	0.99	-9.74	-32.57	173.84	
126	0.57	-0.17	0.78	0.98	-10.20	-32.37	173.53	
127	0.62	-0.29	0.67	0.96	-11.64	-32.13	173.98	
128	0.49	-0.41	0.86	1.07	-12.62	-29.83	174.58	
129	0.33	-0.27	0.92	1.01	-13.18	-28.77	173.95	
130	0.38	-0.27	0.74	0.87	-13.47	-28.81	173.68	
131	0.39	-0.29	0.82	0.95	-13.34	-28.45	173.91	
132	0.43	-0.29	0.85	0.99	-13.27	-28.70	173.94	
133	0.46	-0.25	0.77	0.93	-12.62	-29.21	174.13	
134	0.44	-0.25	0.80	0.95	-12.25	-29.43	174.29	
135	0.39	-0.20	0.90	1.00	-11.90	-29.42	174.52	
136	0.70	-0.24	0.65	0.99	-11.13	-30.22	174.66	
137	0.53	-0.18	0.84	1.01	-10.71	-30.78	174.64	
138	0.51	-0.23	0.76	0.95	-10.81	-31.51	174.60	
139	0.59	-0.14	0.86	1.05	-10.08	-31.21	174.80	
140	0.51	-0.19	0.82	0.98	-9.93	-31.06	175.00	
141	0.47	-0.20	0.80	0.95	-10.21	-30.75	175.10	
142	0.47	-0.23	0.77	0.94	-10.68	-30.35	175.16	
143	0.44	0.25	0.78	0.93	-9.40	-29.91	175.53	
144	0.50	-0.22	0.82	0.99	-10.48	-29.47	175.66	
145	0.47	-0.21	0.81	0.96	-10.44	-28.69	176.22	
146	0.45	-0.24	0.85	0.99	-10.24	-27.99	176.65	
147	0.41	-0.26	0.82	0.95	-11.08	-27.93	176.34	
148	0.45	-0.22	0.81	0.95	-11.53	-27.98	176.22	
149	0.38	-0.34	0.76	0.92	-14.01	-27.43	175.79	
150	0.44	-0.33	0.81	0.97	-14.18	-26.68	175.67	
151	0.42	-0.19	0.85	0.96	-12.92	-27.06	175.89	
152	0.43	-0.30	0.76	0.92	-13.44	-27.23	175.94	
153	0.45	-0.22	0.83	0.97	-13.50	-27.10	175.95	
154	0.44	-0.18	0.84	0.97	-12.72	-27.10	176.14	
155	0.42	-0.23	0.82	0.95	-14.33	-26.66	175.70	
156	0.39	-0.36	0.87	1.02	-15.82	-26.17	175.28	
157	0.42	-0.32	0.80	0.96	-16.02	-26.81	174.87	
158	0.43	-0.30	0.80	0.95	-15.71	-27.39	174.78	
159	0.43	-0.28	0.80	0.95	-15.67	-27.85	174.68	
160	0.46	-0.29	0.80	0.96	-15.87	-27.80	174.61	
161	0.44	-0.31	0.80	0.96	-16.27	-27.30	174.55	
162	0.42	-0.35	0.80	0.96	-16.70	-26.51	174.45	
163	0.42	-0.32	0.82	0.98	-16.63	-26.16	174.40	
164	0.42	-0.29	0.83	0.97	-16.23	-26.37	174.40	
165	0.40	-0.27	0.82	0.95	-15.75	-26.99	174.41	
166	0.43	-0.31	0.82	0.98	-15.95	-27.34	174.30	
167	0.42	-0.33	0.78	0.95	-16.35	-27.47	174.23	
168	0.43	-0.40	0.74	0.95	-17.55	-27.69	173.64	
169	0.44	-0.35	0.82	1.00	-18.52	-27.29	173.36	
170	0.43	-0.33	0.78	0.95	-18.53	-27.76	173.26	
171	0.43	-0.30	0.78	0.94	-18.21	-27.88	173.29	
172	0.42	-0.34	0.79	0.96	-18.50	-27.83	173.22	
173	0.42	-0.34	0.80	0.97	-18.74	-27.81	173.26	
174	0.43	-0.33	0.80	0.96	-18.44	-27.74	173.38	
175	0.44	-0.29	0.80	0.96	-17.56	-27.82	173.59	
176	0.44	-0.29	0.81	0.96	-16.92	-27.73	173.79	
177	0.44	-0.29	0.81	0.97	-16.48	-27.58	173.95	
178	0.44	-0.28	0.81	0.97	-16.07	-27.58	174.08	
179	0.43	-0.31	0.82	0.98	-15.80	-27.86	174.14	
180	0.44	-0.24	0.79	0.94	-15.07	-28.18	174.24	
181	0.43	-0.24	0.82	0.96	-14.81	-28.15	174.27	
182	0.44	-0.28	0.83	0.98	-14.81	-27.73	174.32	
183	0.44	-0.25	0.82	0.96	-14.56	-27.43	174.39	
184	0.43	-0.25	0.81	0.95	-14.54	-27.43	174.35	
185	0.43	-0.25	0.81	0.96	-14.49	-27.15	174.40	
186	0.43	-0.27	0.82	0.96	-14.52	-26.98	174.44	
187	0.42	-0.26	0.82	0.96	-14.50	-26.94	174.47	
188	0.42	-0.25	0.82	0.95	-14.19	-26.86	174.56	
189	0.42	-0.25	0.83	0.96	-14.18	-26.71	174.57	
190	0.42	-0.25	0.81	0.95	-14.18	-26.49	174.56	
191	0.41	-0.24	0.83	0.96	-14.04	-25.92	174.69	
192	0.40	-0.23	0.90	1.01	-14.02	-25.46	174.69	
