Time	Ax	Ay	Az	Asum	gx	gy	gz
0	0.07	-0.99	0.05	0.99	-85.26	-55.69	-51.86	
1	0.03	-1.02	-0.00	1.02	-85.74	-59.89	-56.67	
2	0.05	-0.99	0.01	0.99	-85.88	-62.18	-59.60	
3	0.02	-0.99	0.02	0.99	-86.15	-64.00	-62.39	
4	-0.00	-1.00	0.01	1.00	-86.56	-65.99	-65.43	
5	-0.03	-1.00	-0.01	1.00	-87.35	-71.74	-71.86	
6	-0.06	-0.99	-0.02	0.99	-88.44	-88.30	-88.57	
7	-0.11	-0.98	-0.04	0.99	-90.85	-31.70	-148.59	
8	-0.13	-0.97	-0.04	0.98	-91.70	21.48	158.63	
9	-0.11	-1.01	-0.01	1.01	-92.64	34.32	146.68	
10	-0.10	-1.01	0.01	1.01	-93.46	38.72	143.05	
11	-0.11	-0.97	-0.02	0.98	-94.49	39.14	143.52	
12	-0.17	-0.99	-0.01	1.01	-95.65	40.07	143.90	
13	-0.14	-1.03	-0.04	1.04	-96.57	40.39	145.15	
14	-0.16	-1.00	-0.13	1.02	-97.74	39.31	148.07	
15	-0.15	-0.95	-0.12	0.97	-98.84	38.05	151.37	
16	-0.11	-0.95	-0.11	0.97	-99.60	36.14	155.01	
17	-0.02	-1.01	-0.04	1.01	-99.73	33.46	159.00	
18	0.04	-1.00	0.03	1.00	-98.99	28.47	164.03	
19	0.02	-1.13	-0.13	1.13	-98.18	16.71	174.07	
20	0.02	-1.19	-0.23	1.21	-98.28	5.70	-176.62	
21	-0.06	-0.86	-0.16	0.87	-99.19	5.74	-176.40	
22	0.09	-0.87	-0.16	0.89	-99.42	-3.94	-168.12	
23	0.06	-1.10	-0.15	1.11	-99.68	-11.74	-162.15	
24	0.04	-1.02	-0.17	1.03	-99.77	-15.68	-159.14	
25	0.17	-0.95	-0.15	0.98	-100.00	-21.60	-154.01	
26	0.15	-1.01	-0.13	1.03	-99.95	-27.38	-149.54	
27	0.11	-0.99	-0.13	1.01	-99.98	-30.73	-147.30	
28	0.16	-0.96	-0.06	0.98	-99.79	-36.65	-142.29	
29	0.20	-0.99	-0.03	1.01	-99.63	-43.88	-135.71	
30	0.22	-0.97	-0.05	1.00	-99.80	-47.15	-132.78	
31	0.15	-0.95	-0.01	0.97	-99.69	-49.03	-131.54	
32	0.07	-0.96	-0.00	0.96	-99.28	-48.89	-132.34	
33	0.11	-0.98	0.03	0.99	-99.02	-47.03	-134.36	
34	0.15	-0.98	0.05	1.00	-98.48	-47.89	-133.32	
35	0.09	-1.12	0.01	1.12	-97.33	-44.95	-135.36	
36	-0.09	-1.03	0.08	1.04	-95.15	-40.68	-137.94	
37	0.22	-1.03	-0.25	1.08	-95.33	-30.28	-146.11	
38	0.17	-1.02	-0.15	1.05	-96.55	-27.06	-148.54	
39	-0.21	-0.84	-0.11	0.87	-96.17	-8.11	-166.54	
40	-0.07	-0.95	-0.10	0.96	-96.10	1.57	-175.36	
41	-0.06	-1.21	-0.11	1.22	-96.02	9.83	177.40	
42	-0.14	-1.02	-0.11	1.04	-96.20	19.16	168.20	
43	-0.22	-0.91	-0.05	0.93	-96.45	31.82	156.20	
44	-0.12	-1.00	-0.11	1.01	-97.53	34.97	154.81	
45	-0.06	-1.02	-0.11	1.03	-98.07	33.89	157.22	
46	-0.07	-1.01	-0.04	1.01	-98.42	34.42	157.65	
47	-0.07	-0.95	0.04	0.95	-98.47	35.03	157.64	
48	-0.06	-0.99	0.03	0.99	-98.37	33.40	159.14	
49	-0.03	-1.03	0.02	1.03	-97.84	29.85	161.60	
50	0.01	-1.09	0.01	1.09	-94.93	22.30	164.27	
51	0.02	-1.10	-0.16	1.11	-94.50	11.42	172.17	
52	-0.11	-0.95	-0.11	0.96	-94.74	12.68	169.03	
53	0.18	-0.74	-0.14	0.77	-94.64	-3.40	-176.28	
54	0.23	-1.05	-0.08	1.07	-95.28	-19.52	-162.32	
55	0.12	-1.12	-0.05	1.13	-95.26	-29.80	-153.83	
56	0.11	-0.93	-0.06	0.94	-95.73	-37.78	-147.29	
57	0.12	-0.94	-0.11	0.95	-96.77	-40.04	-146.60	
58	0.17	-0.94	-0.05	0.95	-97.83	-42.26	-146.22	
59	0.17	-0.99	-0.04	1.01	-98.67	-44.08	-146.45	
60	0.06	-1.01	-0.01	1.01	-99.07	-43.73	-148.85	
61	-0.01	-0.98	0.03	0.99	-99.01	-42.26	-151.81	
62	0.09	-0.94	0.08	0.95	-98.76	-42.79	-151.83	
63	0.04	-1.11	0.06	1.11	-97.88	-44.03	-150.82	
64	-0.07	-1.08	0.04	1.09	-95.94	-44.81	-149.24	
65	0.09	-1.08	-0.05	1.08	-94.62	-48.12	-144.29	
66	0.26	-1.08	-0.21	1.13	-95.30	-46.86	-144.52	
67	-0.02	-0.90	-0.07	0.91	-94.72	-40.20	-150.30	
68	-0.06	-0.89	-0.11	0.90	-94.10	-27.24	-162.24	
69	0.11	-1.01	-0.06	1.02	-94.17	-28.84	-160.85	
70	0.00	-1.12	-0.13	1.13	-94.21	-24.61	-166.44	
71	-0.08	-0.96	-0.06	0.97	-93.78	-22.66	-170.89	
72	-0.05	-0.88	-0.05	0.89	-93.60	-20.17	-175.86	
73	-0.08	-1.00	-0.11	1.01	-94.01	-17.31	178.92	
74	-0.04	-1.06	-0.07	1.06	-94.14	-18.83	177.94	
75	0.01	-0.96	0.00	0.96	-93.94	-29.83	-174.19	
76	-0.05	-1.07	0.06	1.08	-94.01	-45.12	-162.44	
77	-0.15	-0.91	-0.06	0.93	-94.15	-54.57	-157.20	
78	0.01	-1.00	-0.07	1.00	-95.02	-61.94	-153.41	
79	0.13	-1.05	-0.13	1.07	-96.21	-66.34	-152.90	
80	0.01	-0.86	0.04	0.86	-96.19	-65.57	-156.92	
81	-0.00	-0.74	0.06	0.74	-95.36	-61.44	-163.93	
82	-0.05	-0.90	-0.02	0.90	-94.52	-50.97	-177.00	
83	-0.00	-0.85	0.08	0.85	-93.34	-44.63	174.06	
84	-0.03	-0.63	0.03	0.63	-92.47	-29.77	156.34	
85	-0.11	-0.64	0.03	0.65	-92.02	-20.76	143.72	
86	-0.27	-0.63	-0.05	0.69	-92.66	-1.64	120.40	
87	-0.24	-0.93	-0.02	0.97	-93.30	0.72	113.47	
88	0.05	-0.73	0.04	0.74	-96.33	4.29	106.96	
89	-0.13	-0.91	0.15	0.93	-99.91	18.58	90.42	
90	-0.23	-0.83	-0.13	0.87	-102.93	20.52	84.72	
91	-0.14	-0.95	-0.35	1.02	-105.33	9.97	92.38	
92	-0.36	-0.89	-0.45	1.06	-108.18	-2.57	103.97	
93	0.21	-0.85	-0.44	0.98	-114.07	-13.07	117.33	
94	1.73	-0.95	-2.55	3.22	-122.33	-28.73	131.09	
95	0.59	-1.71	-0.07	1.81	-130.24	-25.73	143.46	
96	0.13	-0.44	-0.75	0.88	-139.86	-20.37	144.29	
97	0.32	-0.44	-0.62	0.83	-152.10	-21.80	148.00	
98	0.18	-1.10	-1.03	1.52	-160.80	-23.30	149.21	
99	0.41	-0.20	-0.52	0.69	-172.80	-23.63	151.02	
100	1.31	0.24	-2.25	2.62	179.89	-27.00	157.82	
101	0.34	0.33	-0.43	0.64	172.30	-31.64	159.09	
102	0.34	0.08	-0.70	0.78	169.63	-36.26	161.76	
103	0.34	0.68	-1.17	1.39	169.47	-34.02	162.78	
104	0.54	0.33	-0.39	0.74	169.35	-28.82	159.52	
105	0.98	-0.08	-0.86	1.31	172.38	-31.46	157.41	
106	0.29	0.12	-0.60	0.68	174.77	-35.72	155.59	
107	0.75	0.04	-0.93	1.19	179.19	-42.66	152.34	
108	1.08	-0.20	-0.71	1.31	-175.67	-47.29	148.18	
109	1.12	-0.08	-0.55	1.25	-171.12	-54.13	147.45	
110	2.03	0.27	-1.50	2.54	-167.89	-68.47	151.90	
111	0.26	-0.97	-0.59	1.17	-168.38	-77.07	147.51	
112	0.63	-0.47	0.27	0.83	-170.14	-77.84	149.84	
113	1.50	0.06	0.05	1.50	-4.41	-84.01	160.18	
114	1.77	0.77	-0.16	1.94	3.79	-78.35	170.49	
115	0.33	-0.17	0.65	0.75	5.78	-78.89	167.91	
116	1.00	0.28	0.37	1.10	11.14	-73.70	171.07	
117	1.05	0.65	0.07	1.24	14.14	-69.91	172.58	
118	1.25	0.14	0.35	1.30	12.75	-64.46	172.62	
119	0.94	0.18	0.51	1.09	11.85	-58.96	172.86	
120	0.64	0.26	0.54	0.88	9.87	-52.93	172.41	
121	0.64	0.07	0.75	0.99	7.12	-47.07	172.21	
122	0.59	-0.19	0.71	0.95	3.76	-42.06	172.27	
123	0.48	-0.06	0.86	0.99	1.75	-37.58	172.33	
124	0.47	-0.02	0.80	0.93	0.62	-34.72	172.39	
125	0.45	-0.06	0.78	0.90	-0.36	-32.99	172.52	
126	0.48	-0.03	0.82	0.94	-1.00	-31.85	172.75	
127	0.52	-0.04	0.80	0.96	-1.83	-31.21	173.18	
128	0.51	-0.10	0.80	0.95	-2.87	-30.65	173.52	
129	0.52	-0.10	0.81	0.97	-3.73	-30.17	173.53	
130	0.51	-0.11	0.82	0.98	-4.49	-29.81	173.39	
131	0.51	-0.11	0.82	0.97	-5.01	-29.65	173.22	
132	0.49	-0.08	0.79	0.93	-5.13	-29.58	173.09	
133	0.51	-0.09	0.83	0.98	-5.26	-29.47	173.03	
134	0.52	-0.12	0.82	0.98	-6.06	-29.31	172.72	
135	0.61	-0.23	0.78	1.02	-6.77	-29.69	172.82	
136	0.52	-0.06	0.78	0.94	-6.95	-29.10	173.35	
137	0.45	-0.17	0.87	0.99	-8.03	-27.91	173.29	
138	0.45	-0.15	0.89	1.01	-8.23	-27.11	174.02	
139	0.46	-0.15	0.70	0.85	-8.31	-26.23	174.70	
140	0.30	-0.13	0.86	0.92	-8.18	-23.06	174.60	
141	0.37	-0.23	0.98	1.07	-9.05	-22.11	174.28	
142	0.29	-0.14	0.83	0.89	-8.94	-20.72	174.57	
143	0.32	-0.10	0.88	0.94	-8.82	-19.69	174.79	
144	0.36	-0.24	0.86	0.96	-9.84	-18.89	175.42	
145	0.33	-0.08	0.96	1.02	-8.86	-17.76	176.51	
146	0.21	-0.06	0.92	0.95	-8.31	-17.34	177.18	
147	0.11	-0.17	0.96	0.98	-9.38	-15.66	177.55	
148	0.22	-0.16	0.93	0.97	-9.72	-15.50	177.28	
149	0.27	-0.16	0.87	0.92	-10.05	-15.01	177.04	
150	0.30	-0.23	0.88	0.95	-10.76	-14.81	177.22	
151	0.26	-0.17	0.93	0.98	-10.76	-14.97	177.18	
152	0.26	-0.19	0.85	0.91	-10.66	-14.52	177.50	
153	-0.04	0.46	0.04	0.46	-9.66	-13.89	177.37	
154	0.31	-0.13	1.00	1.06	-5.02	-15.45	177.58	
155	0.27	-0.18	0.99	1.04	-4.02	-15.76	177.77	
156	0.28	0.08	0.91	0.96	-1.95	-15.97	178.23	
157	0.25	-0.16	0.91	0.95	-7.91	-14.26	176.95	
158	0.18	-0.29	0.93	0.99	-13.51	-13.25	176.09	
159	0.24	-0.23	0.97	1.02	-17.23	-14.45	175.56	
160	0.05	-0.51	0.66	0.83	-21.92	-15.10	175.10	
161	0.24	-0.37	0.85	0.96	-16.57	-16.99	177.21	
162	0.46	-0.41	0.61	0.87	-16.90	-17.22	177.49	
163	0.28	-0.39	0.94	1.05	-15.66	-16.92	178.29	
164	0.30	-0.20	0.90	0.97	-15.21	-17.38	177.82	
165	0.30	-0.30	0.80	0.90	-17.09	-17.37	177.06	
166	0.24	-0.24	0.87	0.94	-17.14	-16.96	176.96	
167	0.22	-0.36	0.89	0.99	-17.43	-15.81	177.15	
168	0.25	-0.33	0.88	0.97	-17.76	-15.61	177.00	
169	0.30	-0.33	0.86	0.96	-18.55	-16.53	176.60	
170	0.26	-0.29	0.85	0.94	-19.31	-17.49	176.20	
171	0.26	-0.33	0.85	0.95	-18.93	-17.23	176.25	
172	0.28	-0.28	0.87	0.96	-18.61	-16.67	176.24	
173	0.26	-0.34	0.85	0.95	-19.34	-16.41	176.25	
174	0.26	-0.38	0.89	1.00	-19.99	-16.35	176.24	
175	0.26	-0.33	0.83	0.92	-19.72	-16.45	176.26	
176	0.21	-0.35	0.89	0.98	-20.05	-15.88	176.43	
177	0.25	-0.36	0.86	0.96	-19.32	-15.26	176.88	
178	0.25	-0.26	0.88	0.95	-18.59	-14.81	177.04	
179	0.22	-0.35	0.87	0.96	-18.87	-14.60	177.02	
180	0.23	-0.32	0.89	0.97	-18.72	-14.27	176.96	
181	0.22	-0.33	0.87	0.95	-19.30	-14.00	176.78	
182	0.20	-0.33	0.88	0.96	-19.75	-13.61	176.62	
183	0.21	-0.32	0.84	0.93	-20.60	-12.48	176.34	
184	0.19	-0.38	0.88	0.98	-21.01	-11.54	176.43	
185	0.18	-0.35	0.85	0.93	-20.99	-10.74	176.51	
