Time	Ax	Ay	Az	Asum	gx	gy	gz
0	0.05	-0.94	0.30	0.98	-72.17	-8.68	-6.33	
1	0.03	-0.92	0.31	0.98	-72.78	-9.15	-6.81	
2	0.04	-0.94	0.29	0.98	-73.52	-9.80	-7.55	
3	0.04	-0.95	0.29	1.00	-74.24	-10.50	-8.43	
4	0.03	-0.93	0.27	0.97	-74.91	-11.26	-9.42	
5	0.06	-0.95	0.27	0.99	-75.56	-12.50	-10.88	
6	0.06	-0.93	0.27	0.97	-75.94	-14.01	-12.65	
7	0.09	-0.97	0.24	1.00	-76.35	-16.58	-15.62	
8	0.13	-0.91	0.26	0.96	-76.33	-20.74	-20.75	
9	0.16	-0.94	0.25	0.98	-76.47	-25.85	-27.37	
10	0.07	-1.01	0.30	1.05	-76.53	-29.55	-32.81	
11	0.05	-0.93	0.33	0.99	-76.08	-30.96	-35.11	
12	0.19	-0.88	0.32	0.95	-75.62	-33.08	-36.80	
13	0.24	-0.88	0.27	0.96	-75.53	-35.82	-39.09	
14	0.22	-0.91	0.27	0.97	-75.69	-37.27	-40.66	
15	0.19	-0.89	0.26	0.94	-76.04	-36.99	-40.70	
16	0.09	-0.97	0.34	1.03	-76.51	-33.60	-37.54	
17	0.06	-0.95	0.30	1.00	-77.05	-29.33	-32.48	
18	0.14	-0.95	0.33	1.01	-76.95	-25.43	-27.19	
19	0.21	-0.92	0.23	0.97	-77.38	-24.80	-25.25	
20	0.12	-0.93	0.27	0.98	-77.89	-23.63	-23.74	
21	0.04	-0.95	0.24	0.98	-78.83	-22.45	-22.48	
22	0.00	-1.00	0.18	1.02	-79.93	-20.04	-19.51	
23	0.00	-0.96	0.27	1.00	-80.02	-14.84	-13.54	
24	-0.05	-0.96	0.21	0.98	-80.50	-8.04	-6.08	
25	-0.07	-0.97	0.25	1.00	-81.14	-0.11	2.17	
26	-0.09	-0.98	0.31	1.03	-81.03	7.75	10.22	
27	-0.09	-0.95	0.33	1.01	-80.17	13.05	15.20	
28	-0.17	-0.90	0.27	0.95	-79.63	18.22	19.74	
29	-0.19	-0.90	0.24	0.95	-79.74	23.53	24.73	
30	-0.16	-0.87	0.23	0.91	-80.18	27.52	28.96	
31	-0.14	-0.98	0.27	1.03	-80.97	29.50	31.53	
32	-0.05	-0.93	0.24	0.96	-81.84	29.32	32.10	
33	-0.02	-0.98	0.28	1.02	-82.83	27.12	30.22	
34	0.02	-0.94	0.25	0.97	-83.26	20.22	22.75	
35	-0.01	-1.01	0.10	1.02	-84.65	12.95	14.08	
36	0.02	-1.04	0.05	1.04	-86.88	1.64	1.09	
37	0.07	-1.07	0.15	1.09	-94.85	-89.25	-98.52	
38	0.01	-0.95	0.17	0.97	-84.61	-85.88	-94.77	
39	0.18	-0.94	0.08	0.96	-96.14	-89.50	-99.34	
40	0.23	-0.91	0.12	0.95	-96.94	-87.27	-101.64	
41	0.19	-0.96	0.13	0.99	-97.20	-87.59	-101.41	
42	0.14	-0.87	0.16	0.90	-83.43	-87.76	-96.41	
43	0.04	-1.15	0.11	1.15	-85.24	-85.17	-92.83	
44	-0.14	-1.08	0.08	1.09	-87.06	-60.96	-66.69	
45	0.07	-0.95	0.09	0.96	-87.64	-43.57	-47.60	
46	-0.02	-0.96	0.06	0.96	-88.40	-17.68	-20.42	
47	-0.13	-1.07	0.07	1.08	-88.23	29.90	28.22	
48	-0.10	-1.01	0.13	1.03	-87.01	40.91	39.67	
49	-0.10	-0.95	0.09	0.96	-86.30	49.04	47.75	
50	-0.15	-0.93	0.12	0.95	-85.72	61.75	60.06	
51	-0.17	-0.94	0.12	0.96	-85.15	70.31	68.17	
52	-0.18	-0.94	0.11	0.97	-84.83	77.45	74.96	
53	-0.16	-0.93	0.16	0.96	-84.80	81.33	78.60	
54	-0.14	-0.97	0.18	0.99	-84.99	79.64	76.75	
55	-0.10	-0.99	0.20	1.01	-85.56	72.39	69.22	
56	-0.08	-1.08	0.17	1.10	-86.29	60.61	56.78	
57	0.04	-0.95	0.16	0.97	-86.89	37.90	33.20	
58	-0.08	-1.09	0.11	1.09	-87.33	19.54	13.26	
59	-0.07	-0.99	0.04	0.99	-88.03	5.26	-2.10	
60	0.10	-0.92	0.05	0.93	-88.10	-32.19	-40.05	
61	0.12	-1.02	0.04	1.02	-87.39	-69.95	-78.89	
62	0.10	-0.98	0.09	0.99	-85.94	-75.11	-85.58	
63	0.09	-0.97	0.12	0.98	-84.45	-74.14	-86.16	
64	0.15	-0.99	0.14	1.01	-83.10	-74.99	-88.14	
65	0.11	-0.97	0.15	0.98	-82.19	-74.53	-88.21	
66	0.14	-0.96	0.13	0.98	-81.53	-75.68	-89.17	
67	0.21	-0.96	0.13	0.99	-80.92	-77.99	-91.06	
68	0.23	-0.94	0.13	0.98	-80.37	-80.66	-93.59	
69	0.20	-0.96	0.15	0.99	-80.04	-82.59	-95.70	
70	0.20	-0.95	0.16	0.98	-79.87	-82.78	-96.15	
71	0.18	-0.91	0.20	0.95	-80.08	-81.35	-94.65	
72	0.18	-0.94	0.20	0.98	-80.63	-78.71	-91.54	
73	0.14	-0.97	0.19	1.00	-81.43	-72.25	-84.25	
74	0.05	-1.08	0.18	1.10	-82.75	-62.92	-73.54	
75	0.00	-1.06	0.13	1.06	-83.24	-45.91	-54.30	
76	0.07	-0.88	0.05	0.88	-83.40	-38.88	-44.94	
77	0.02	-0.98	0.10	0.98	-84.06	-34.43	-38.53	
78	-0.00	-1.06	0.11	1.07	-84.36	-27.72	-30.72	
79	-0.03	-0.98	0.18	0.99	-83.95	-17.04	-19.99	
80	-0.06	-0.91	0.17	0.93	-83.65	-8.05	-11.48	
81	-0.11	-0.94	0.19	0.96	-83.72	0.72	-3.51	
82	-0.18	-0.96	0.22	1.00	-83.46	8.54	3.88	
83	-0.10	-0.98	0.16	0.99	-83.38	12.11	7.76	
84	-0.04	-0.96	0.21	0.99	-83.47	12.21	8.35	
85	0.03	-1.05	0.16	1.06	-84.11	10.86	6.85	
86	-0.11	-0.96	0.23	1.00	-84.37	13.53	9.03	
87	-0.12	-0.95	0.25	0.99	-84.20	16.10	11.15	
88	-0.11	-0.93	0.25	0.97	-84.14	17.78	12.32	
89	-0.13	-0.87	0.20	0.90	-84.00	17.17	11.07	
90	0.09	-0.99	0.22	1.02	-83.85	4.59	-2.22	
91	0.01	-1.04	0.01	1.04	-85.15	-8.41	-16.55	
92	0.12	-0.85	0.14	0.87	-85.58	-21.27	-30.98	
93	0.14	-1.06	0.16	1.08	-85.40	-37.91	-50.35	
94	0.10	-1.11	0.21	1.13	-84.53	-44.35	-60.08	
95	0.03	-0.94	0.36	1.01	-83.04	-37.51	-55.95	
96	0.05	-0.99	0.12	1.00	-82.88	-33.84	-53.27	
97	0.18	-0.78	0.11	0.80	-82.88	-34.35	-52.57	
98	0.11	-0.90	0.18	0.92	-82.35	-27.84	-43.79	
99	0.07	-0.98	0.25	1.01	-80.54	-19.35	-31.73	
100	0.24	-1.08	0.39	1.17	-76.83	-15.39	-26.26	
101	-0.21	-0.74	0.12	0.77	-75.35	-10.34	-21.56	
102	0.06	-0.72	0.33	0.79	-75.66	-8.39	-19.77	
103	-0.10	-0.70	0.26	0.75	-75.99	-6.07	-17.41	
104	0.05	-0.73	0.39	0.82	-74.90	-5.62	-16.31	
105	-0.15	-0.53	0.26	0.61	-74.22	-3.98	-14.45	
106	-0.06	-0.61	0.40	0.74	-76.47	-2.91	-12.98	
107	-0.18	-0.58	0.23	0.65	-81.63	-0.15	-9.77	
108	0.07	-0.72	0.29	0.78	-85.40	-1.01	-8.65	
109	0.16	-0.92	-0.07	0.94	-88.06	-30.24	-36.83	
110	0.15	-0.82	-0.43	0.94	-93.05	-26.71	-160.40	
111	-0.11	-0.62	-0.53	0.82	-100.02	-2.52	172.71	
112	-0.19	-0.54	-0.54	0.78	-110.59	2.18	166.57	
113	-1.10	-3.25	-2.16	4.06	-123.39	8.39	163.81	
114	0.92	-0.97	0.08	1.34	-138.19	4.87	164.96	
115	-0.61	-1.67	-1.18	2.13	-148.90	8.51	167.48	
116	0.04	-1.14	0.03	1.14	-169.93	8.08	169.38	
117	-0.16	0.02	-0.80	0.81	-170.92	7.09	167.76	
118	0.04	-0.40	-1.16	1.23	-175.98	0.10	165.94	
119	-0.47	0.04	-1.31	1.39	-166.01	4.44	169.58	
120	-0.18	-0.24	-0.91	0.96	-165.92	9.28	171.68	
121	0.11	0.07	-0.66	0.68	-159.02	11.80	169.91	
122	-0.04	0.03	-0.59	0.59	-152.07	12.77	166.43	
123	-0.46	-0.31	-0.95	1.10	-151.36	17.19	164.42	
124	-0.66	0.32	-1.02	1.26	-148.74	26.71	160.99	
125	-0.23	-0.33	-3.16	3.18	-162.66	21.21	164.93	
126	-0.22	-0.04	0.12	0.25	177.01	15.57	168.20	
127	-0.37	0.00	-1.39	1.44	171.97	17.28	168.81	
128	-0.43	-0.04	-1.45	1.51	171.66	18.23	168.98	
129	-0.39	0.11	-0.69	0.80	171.73	21.51	168.52	
130	-0.34	0.01	-0.78	0.86	172.18	21.43	168.58	
131	-0.34	0.01	-1.00	1.05	172.72	19.30	168.67	
132	-0.31	0.00	-1.09	1.13	173.17	16.48	168.84	
133	-0.25	-0.01	-1.08	1.10	173.89	13.77	169.13	
134	-0.21	-0.01	-1.08	1.10	174.60	11.71	169.40	
135	-0.18	-0.02	-0.96	0.98	175.24	10.43	169.64	
136	-0.16	-0.02	-1.09	1.10	175.79	8.67	169.87	
137	-0.15	-0.03	-1.09	1.10	175.78	7.44	170.17	
138	-0.13	-0.02	-1.04	1.05	176.04	6.66	170.27	
139	-0.11	-0.02	-1.04	1.04	176.17	5.69	170.32	
140	-0.10	-0.02	-1.09	1.10	176.37	4.87	170.32	
141	-0.09	-0.02	-1.05	1.05	176.59	4.54	170.25	
142	-0.09	-0.01	-1.04	1.05	176.73	4.46	170.20	
143	-0.08	-0.02	-1.02	1.02	176.87	4.33	170.18	
144	-0.09	-0.02	-1.06	1.06	176.99	4.26	170.19	
145	-0.08	-0.02	-1.05	1.06	177.07	4.19	170.21	
146	-0.09	-0.01	-1.05	1.05	177.05	4.11	170.25	
147	-0.08	-0.01	-1.06	1.06	177.02	4.07	170.27	
148	-0.08	-0.01	-1.06	1.06	177.04	3.98	170.30	
149	-0.08	-0.01	-1.05	1.05	177.19	3.98	170.29	
150	-0.08	-0.01	-1.05	1.05	177.32	3.93	170.30	
151	-0.08	-0.01	-1.07	1.07	177.40	3.83	170.31	
152	-0.08	-0.01	-1.04	1.05	177.50	3.83	170.31	
153	-0.08	-0.01	-1.06	1.06	177.60	3.83	170.31	
154	-0.08	-0.01	-1.06	1.06	177.71	3.92	170.31	
155	-0.08	-0.01	-1.06	1.06	177.76	3.94	170.32	
156	-0.08	-0.01	-1.05	1.06	177.79	4.02	170.33	
157	-0.09	-0.01	-1.05	1.05	177.89	4.11	170.33	
158	-0.08	-0.02	-1.08	1.08	177.99	4.16	170.33	
159	-0.09	-0.01	-1.05	1.05	178.06	4.17	170.33	
160	-0.09	-0.01	-1.06	1.06	178.11	4.15	170.33	
161	-0.09	-0.01	-1.06	1.06	178.18	4.13	170.32	
162	-0.08	-0.01	-1.06	1.06	178.24	4.10	170.32	
163	-0.08	-0.01	-1.05	1.05	178.27	4.10	170.33	
164	-0.08	-0.01	-1.05	1.06	178.31	4.09	170.33	
165	-0.09	-0.01	-1.05	1.06	178.35	4.10	170.33	
166	-0.08	-0.01	-1.05	1.06	178.39	4.10	170.33	
167	-0.08	-0.01	-1.05	1.05	178.44	4.09	170.33	
168	-0.08	-0.01	-1.05	1.05	178.48	4.07	170.33	
169	-0.08	-0.01	-1.06	1.06	178.51	4.06	170.33	
170	-0.08	-0.01	-1.05	1.05	178.55	4.05	170.33	
171	-0.09	-0.01	-1.06	1.06	178.59	4.06	170.33	
172	-0.08	-0.01	-1.05	1.05	178.62	4.07	170.33	
173	-0.08	-0.01	-1.05	1.06	178.64	4.06	170.33	
174	-0.08	-0.01	-1.05	1.05	178.66	4.06	170.33	
175	-0.08	-0.01	-1.05	1.05	178.68	4.06	170.34	
176	-0.08	-0.01	-1.05	1.05	178.70	4.06	170.34	
177	-0.08	-0.01	-1.04	1.04	178.72	4.06	170.34	
178	-0.08	-0.01	-1.04	1.04	178.74	4.06	170.34	
179	-0.08	-0.01	-1.06	1.06	178.77	4.08	170.33	
180	-0.08	-0.01	-1.06	1.06	178.80	4.06	170.33	
181	-0.08	-0.01	-1.05	1.05	178.83	4.05	170.33	
182	-0.08	-0.01	-1.06	1.06	178.85	4.05	170.33	
183	-0.08	-0.01	-1.05	1.05	178.88	4.03	170.33	
184	-0.08	-0.01	-1.05	1.06	178.90	4.02	170.33	
185	-0.08	-0.01	-1.05	1.05	178.90	4.01	170.33	
186	-0.08	-0.01	-1.06	1.06	178.94	3.99	170.33	
187	-0.08	-0.01	-1.06	1.06	178.96	3.97	170.33	
188	-0.08	-0.01	-1.05	1.05	178.97	3.96	170.33	
189	-0.08	-0.00	-1.05	1.06	178.97	3.96	170.33	
190	-0.08	-0.01	-1.05	1.05	179.00	3.96	170.32	
191	-0.08	-0.01	-1.05	1.05	179.03	3.96	170.32	
192	-0.08	-0.01	-1.05	1.05	179.04	3.97	170.32	
193	-0.08	-0.01	-1.06	1.06	179.06	3.97	170.32	
194	-0.08	-0.01	-1.06	1.06	179.08	3.97	170.32	
195	-0.09	-0.01	-1.06	1.07	179.07	4.02	170.32	
196	-0.08	-0.01	-1.05	1.05	179.10	4.02	170.32	
197	-0.08	-0.00	-1.05	1.05	179.10	4.02	170.31	
198	-0.08	-0.01	-1.05	1.05	179.13	4.03	170.32	
199	-0.08	-0.01	-1.05	1.05	179.16	4.03	170.32	
200	-0.08	-0.01	-1.05	1.05	179.25	3.98	170.31	
201	-0.08	-0.01	-1.06	1.06	179.34	3.94	170.30	
202	-0.08	-0.01	-1.05	1.05	179.50	3.90	170.28	
203	-0.07	-0.01	-1.04	1.05	179.66	3.79	170.25	
204	-0.07	-0.02	-1.06	1.07	179.84	3.68	170.23	
205	-0.07	-0.02	-1.05	1.05	179.92	3.55	170.23	
206	-0.07	-0.03	-1.04	1.04	-179.95	3.43	170.23	
207	-0.06	-0.02	-1.08	1.08	-179.85	3.12	170.24	
208	-0.07	-0.03	-1.06	1.06	-179.81	3.01	170.24	
209	-0.06	-0.02	-1.04	1.04	-179.79	2.86	170.25	
210	-0.05	-0.02	-1.06	1.06	-179.74	2.59	170.26	
211	-0.05	-0.03	-1.05	1.05	-179.63	2.19	170.27	
212	-0.04	-0.02	-1.07	1.07	-179.59	1.82	170.28	
213	-0.03	-0.03	-1.06	1.06	-179.51	1.50	170.29	
214	-0.03	-0.03	-1.07	1.07	-179.41	1.31	170.29	
215	-0.03	-0.03	-1.05	1.06	-179.29	1.17	170.29	
216	-0.03	-0.03	-1.07	1.07	-179.13	1.11	170.28	
217	-0.02	-0.04	-1.06	1.06	-178.82	0.95	170.28	
218	-0.02	-0.05	-1.08	1.08	-178.21	0.93	170.26	
219	-0.04	-0.08	-1.12	1.12	-176.78	1.35	170.19	
220	-0.03	-0.13	-1.12	1.13	-174.36	1.85	170.02	
221	0.02	-0.12	-1.06	1.06	-171.99	1.79	169.65	
222	-0.02	-0.18	-0.93	0.95	-170.44	2.55	169.17	
223	-0.14	-0.19	-1.50	1.52	-169.99	4.61	168.92	
224	0.09	-0.20	-0.86	0.89	-168.56	8.11	167.64	
225	-0.00	-0.50	-0.78	0.92	-164.82	12.22	166.03	
226	-0.04	0.06	-1.11	1.12	-164.54	12.70	165.14	
227	0.52	-0.76	-1.68	1.92	-149.10	26.55	158.04	
228	-0.28	-0.56	-0.89	1.08	-159.49	38.71	160.89	
229	-0.62	-0.59	-0.44	0.96	-163.28	50.31	160.81	
230	-1.02	-0.33	-0.40	1.14	-163.14	61.80	156.09	
231	-0.36	0.48	-0.05	0.60	-170.27	47.22	167.46	
232	-0.79	-0.60	-0.45	1.09	-174.06	53.46	172.23	
233	-0.45	0.01	-0.40	0.60	-168.88	56.57	161.02	
234	-1.04	0.21	-0.21	1.08	-167.10	70.41	148.41	
235	-0.93	-0.08	-0.08	0.94	-169.52	78.26	149.26	
236	-0.88	-0.26	-0.16	0.93	-170.73	79.99	153.78	
237	-0.99	-0.15	0.04	1.00	-171.22	82.74	152.79	
238	-0.92	-0.12	-0.05	0.93	-171.65	83.71	152.98	
239	-1.01	-0.17	-0.10	1.03	-171.65	84.14	153.24	
240	-1.03	-0.18	-0.09	1.05	-171.41	83.84	153.29	
241	-0.95	-0.23	-0.09	0.98	-171.11	83.49	154.39	
242	-0.94	-0.28	-0.10	0.99	-171.18	83.16	155.07	
243	-0.99	-0.10	-0.16	1.01	-171.40	82.96	154.47	
244	-1.07	-0.23	-0.02	1.10	-171.23	83.27	154.34	
245	-1.01	-0.23	-0.21	1.05	-171.29	82.16	155.22	
246	-1.01	-0.18	-0.07	1.03	-171.50	82.25	155.55	
247	-1.12	-0.61	-0.03	1.28	-170.14	83.19	162.76	
248	-1.02	0.01	-0.10	1.02	-170.89	83.19	161.10	
249	-1.01	-0.03	-0.17	1.02	-172.26	82.19	161.06	
250	-1.14	0.03	-0.25	1.17	-172.80	81.79	160.66	
251	-1.00	-0.23	-0.23	1.05	-172.34	81.18	160.12	
252	-1.08	0.06	-0.16	1.10	-172.47	80.84	159.74	
253	-1.03	-0.23	-0.13	1.06	-171.92	80.97	158.35	
254	-1.07	-0.73	-0.11	1.30	-169.42	81.49	158.29	
255	-0.98	-0.06	-0.20	1.00	-169.37	80.78	156.23	
256	-1.01	-0.22	-0.17	1.05	-168.98	81.06	155.32	
257	-1.00	-0.17	-0.17	1.03	-169.39	80.05	153.55	
258	-1.29	-0.11	-0.17	1.31	-169.58	79.62	151.88	
259	-0.98	-0.05	-0.25	1.01	-169.62	79.51	149.96	
260	-0.98	-0.10	-0.27	1.02	-169.81	78.28	149.30	
261	-1.01	-0.17	-0.23	1.05	-169.81	78.00	148.51	
262	-0.98	-0.17	-0.22	1.02	-169.66	77.80	148.48	
263	-0.98	-0.15	-0.21	1.02	-169.78	77.76	149.40	
264	-0.96	-0.20	-0.28	1.02	-169.77	77.49	150.39	
265	-0.98	-0.23	-0.22	1.03	-170.31	76.61	151.26	
266	-0.92	-0.18	-0.28	0.98	-170.56	75.69	150.38	
267	-1.03	-0.11	-0.12	1.04	-171.05	74.22	148.84	
268	-0.97	-0.16	-0.34	1.04	-170.94	74.20	148.77	
269	-1.01	-0.22	-0.28	1.07	-170.96	73.40	148.38	
270	-0.92	-0.13	-0.32	0.98	-171.04	70.26	145.64	
271	-1.00	-0.05	-0.40	1.08	-170.81	67.64	145.05	
