Time	Ax	Ay	Az	Asum	gx	gy	gz
0	-0.13	-0.87	0.41	0.97	-63.76	17.16	10.72	
1	-0.13	-0.87	0.41	0.97	-63.95	17.28	10.95	
2	-0.13	-0.88	0.40	0.98	-64.25	17.42	11.22	
3	-0.13	-0.88	0.41	0.98	-64.49	17.50	11.43	
4	-0.12	-0.88	0.40	0.97	-64.81	17.66	11.63	
5	-0.13	-0.89	0.40	0.99	-65.14	17.91	11.92	
6	-0.13	-0.89	0.38	0.98	-65.53	18.15	12.19	
7	-0.13	-0.89	0.40	0.98	-65.84	18.22	12.35	
8	-0.12	-0.90	0.37	0.98	-66.30	18.50	12.68	
9	-0.13	-0.89	0.39	0.98	-66.61	18.86	13.15	
10	-0.14	-0.89	0.36	0.97	-67.12	19.40	13.81	
11	-0.13	-0.91	0.37	0.99	-68.37	19.76	14.73	
12	-0.13	-0.92	0.35	1.00	-69.86	20.53	15.70	
13	-0.13	-0.94	0.30	1.00	-71.40	21.79	17.10	
14	-0.13	-0.96	0.30	1.01	-71.98	23.51	18.88	
15	-0.14	-0.92	0.27	0.97	-72.59	24.95	20.33	
16	-0.14	-0.96	0.27	1.01	-73.03	25.81	21.28	
17	-0.12	-0.95	0.25	0.99	-73.46	26.57	22.07	
18	-0.09	-0.78	0.22	0.82	-73.91	27.37	22.81	
19	-0.12	-0.93	0.25	0.97	-74.37	28.00	23.54	
20	-0.12	-0.97	0.22	1.01	-75.03	28.71	24.41	
21	-0.11	-0.93	0.21	0.96	-75.70	29.53	25.44	
22	-0.13	-0.96	0.24	1.00	-76.31	30.73	26.87	
23	-0.11	-0.98	0.11	0.99	-77.15	31.85	28.17	
24	-0.14	-0.95	0.34	1.02	-76.80	30.50	27.32	
25	-0.09	-0.97	0.18	0.99	-77.48	31.07	27.79	
26	-0.10	-0.97	0.20	1.00	-77.96	31.98	28.38	
27	-0.10	-0.95	0.20	0.97	-78.21	33.17	29.28	
28	-0.14	-1.00	0.14	1.02	-79.17	37.68	33.53	
29	-0.12	-1.00	0.11	1.01	-80.57	42.73	38.51	
30	-0.10	-0.95	0.07	0.96	-82.28	49.15	44.96	
31	-0.03	-0.95	0.06	0.95	-84.08	56.41	51.97	
32	-0.06	-1.04	0.01	1.04	-85.63	72.81	67.76	
33	-0.08	-0.98	-0.07	0.99	-93.59	83.03	91.45	
34	-0.13	-1.00	0.03	1.01	-93.66	73.59	100.86	
35	-0.05	-1.02	-0.00	1.02	-93.53	65.46	109.27	
36	-0.04	-1.01	-0.01	1.01	-93.34	57.99	116.91	
37	0.00	-1.00	-0.04	1.01	-93.16	48.28	126.60	
38	0.00	-0.99	-0.04	0.99	-93.07	38.98	135.59	
39	0.01	-1.02	-0.09	1.02	-93.65	21.26	152.52	
40	0.03	-0.99	-0.05	0.99	-94.04	9.82	163.23	
41	-0.00	-1.02	-0.01	1.02	-94.28	1.81	170.47	
42	0.03	-1.00	-0.02	1.01	-94.67	-4.55	176.92	
43	0.04	-1.01	0.00	1.01	-94.63	-8.57	-179.05	
44	-0.01	-0.99	-0.05	0.99	-94.78	-8.34	-179.34	
45	0.01	-0.97	-0.02	0.97	-94.75	-7.43	-179.99	
46	-0.01	-1.01	-0.02	1.01	-94.75	-2.27	175.40	
47	0.05	-0.97	-0.01	0.97	-94.39	2.43	171.67	
48	0.06	-1.01	0.03	1.01	-93.67	11.77	163.36	
49	-0.03	-1.18	-0.17	1.19	-94.49	20.69	154.86	
50	-0.19	-0.91	-0.17	0.95	-95.50	27.07	148.50	
51	0.05	-0.96	0.01	0.96	-95.49	31.09	144.21	
52	-0.06	-1.00	-0.09	1.01	-97.13	30.66	144.30	
53	-0.22	-0.96	-0.21	1.01	-99.22	32.64	142.85	
54	-0.19	-0.89	-0.20	0.93	-101.17	34.15	142.92	
55	-0.07	-1.04	-0.16	1.06	-102.32	32.10	146.29	
56	-0.11	-1.09	-0.21	1.11	-104.48	29.06	151.08	
57	-0.18	-1.04	-0.17	1.07	-105.58	30.62	150.36	
58	-0.21	-0.93	-0.17	0.97	-106.34	33.86	147.96	
59	-0.19	-0.95	-0.18	0.99	-107.15	35.74	146.71	
60	-0.22	-0.97	-0.17	1.01	-107.44	37.24	145.62	
61	-0.23	-0.93	-0.13	0.97	-106.99	38.99	144.19	
62	-0.26	-0.97	-0.14	1.01	-106.06	41.02	142.56	
63	-0.15	-1.00	-0.17	1.03	-105.15	40.20	143.55	
64	-0.11	-1.02	-0.14	1.04	-103.75	38.98	144.36	
65	-0.16	-1.12	-0.29	1.16	-103.22	36.57	145.66	
66	-0.18	-0.86	-0.16	0.89	-102.21	39.92	142.15	
67	-0.09	-0.99	-0.11	1.00	-100.92	43.70	138.51	
68	-0.05	-0.98	-0.19	1.00	-100.45	41.03	140.34	
69	-0.14	-0.99	-0.14	1.01	-99.69	40.63	139.83	
70	-0.12	-1.02	-0.14	1.03	-99.08	40.04	140.27	
71	-0.04	-0.96	-0.09	0.96	-98.30	37.96	142.22	
72	-0.01	-1.00	-0.08	1.00	-97.52	33.84	145.74	
73	-0.04	-0.95	-0.06	0.95	-96.82	30.43	148.61	
74	0.04	-0.99	-0.02	0.99	-95.76	27.13	151.29	
75	0.07	-0.99	-0.06	0.99	-95.28	19.48	157.58	
76	-0.06	-0.97	-0.04	0.98	-94.82	18.25	157.20	
77	0.04	-0.94	-0.08	0.94	-94.85	12.76	161.69	
78	0.05	-0.84	-0.10	0.85	-95.14	8.28	165.34	
79	-0.08	-0.82	-0.10	0.83	-95.99	8.71	164.65	
80	0.00	-0.76	-0.07	0.76	-97.18	6.74	167.74	
81	0.17	-0.92	-0.04	0.93	-97.82	2.96	171.97	
82	-0.10	-0.78	-0.08	0.79	-98.82	6.21	167.47	
83	-0.16	-0.73	-0.09	0.76	-100.50	10.38	162.64	
84	-0.08	-0.78	-0.06	0.78	-101.64	14.19	159.73	
85	0.04	-0.75	0.00	0.76	-101.13	17.28	158.68	
86	0.08	-1.06	0.09	1.07	-98.64	21.38	155.44	
87	-0.29	-1.05	0.22	1.11	-95.78	43.17	132.91	
88	0.01	-0.67	0.25	0.72	-94.83	82.37	93.78	
89	-0.05	-0.84	-0.07	0.85	-96.25	54.15	120.83	
90	0.00	-0.56	-0.29	0.62	-101.64	26.50	147.23	
91	1.01	-0.27	-6.71	6.79	-111.91	9.36	159.63	
92	-0.12	1.56	3.68	4.00	-120.32	12.53	159.69	
93	-0.32	-1.03	-1.31	1.69	-141.08	6.88	165.93	
94	0.14	0.06	0.13	0.20	-147.04	6.88	167.54	
95	-0.05	-0.58	0.08	0.59	-157.91	3.71	170.54	
96	-0.09	0.02	-0.24	0.26	-166.07	0.25	172.22	
97	-0.01	-0.02	-2.64	2.64	-172.73	-0.31	172.89	
98	-0.10	0.70	-0.37	0.80	-174.34	-1.01	174.97	
99	-0.17	0.12	-1.48	1.49	-170.63	2.33	175.39	
100	-0.08	0.35	-1.12	1.18	-173.07	8.98	177.47	
101	0.35	4.24	-5.56	7.00	-177.09	4.59	173.27	
102	-0.26	0.48	-7.65	7.67	165.53	1.37	174.06	
103	-0.12	-0.04	-1.15	1.15	168.06	0.75	173.96	
104	-0.05	0.02	-0.62	0.62	167.25	-0.41	172.74	
105	0.07	0.25	-1.24	1.27	169.41	-0.73	172.07	
106	0.01	0.13	-1.11	1.11	170.65	-0.61	172.01	
107	0.01	0.09	-1.01	1.01	170.81	-0.30	172.03	
108	-0.01	0.10	-1.07	1.07	170.91	-0.22	172.15	
109	-0.02	0.10	-1.05	1.05	171.06	-0.06	172.26	
110	0.00	0.10	-1.07	1.07	171.28	-0.01	172.33	
111	0.06	0.09	-1.05	1.05	171.34	-0.23	172.45	
112	-0.01	0.11	-1.04	1.04	171.36	-0.37	172.48	
113	-0.01	0.11	-1.04	1.04	171.59	-0.30	172.45	
114	-0.00	0.11	-1.05	1.06	171.95	-0.19	172.44	
115	0.01	0.11	-1.06	1.06	172.34	-0.24	172.42	
116	-0.00	0.11	-1.05	1.05	172.51	-0.23	172.40	
117	-0.00	0.10	-1.05	1.06	172.61	-0.17	172.40	
118	-0.00	0.11	-1.05	1.06	172.72	-0.03	172.41	
119	-0.01	0.11	-1.05	1.06	172.84	0.03	172.42	
120	-0.01	0.10	-1.06	1.06	172.98	0.02	172.42	
121	-0.01	0.11	-1.05	1.06	173.10	0.06	172.42	
122	-0.00	0.10	-1.05	1.06	173.19	0.06	172.40	
123	-0.00	0.10	-1.06	1.06	173.30	0.05	172.38	
124	-0.00	0.11	-1.05	1.06	173.40	0.01	172.36	
125	-0.00	0.10	-1.06	1.07	173.48	-0.01	172.34	
126	-0.01	0.10	-1.05	1.06	173.54	0.03	172.34	
127	-0.00	0.10	-1.05	1.05	173.58	0.05	172.34	
128	-0.00	0.11	-1.06	1.06	173.68	0.06	172.33	
129	-0.00	0.10	-1.05	1.06	173.78	0.05	172.30	
130	0.00	0.10	-1.06	1.06	173.84	0.02	172.29	
131	-0.00	0.10	-1.05	1.06	173.89	0.01	172.28	
132	-0.00	0.10	-1.06	1.06	173.93	0.01	172.26	
133	0.00	0.10	-1.06	1.06	173.98	0.01	172.25	
134	0.00	0.10	-1.05	1.06	174.00	0.00	172.24	
135	0.00	0.10	-1.05	1.06	174.04	0.00	172.24	
136	-0.00	0.10	-1.05	1.06	174.06	0.01	172.23	
137	-0.00	0.10	-1.05	1.06	174.09	0.01	172.22	
138	-0.01	0.10	-1.05	1.06	174.14	0.02	172.21	
139	0.00	0.10	-1.05	1.06	174.17	0.02	172.19	
140	-0.00	0.11	-1.05	1.06	174.17	0.03	172.18	
141	-0.00	0.10	-1.05	1.05	174.21	0.03	172.17	
142	-0.00	0.10	-1.06	1.06	174.27	0.03	172.16	
143	-0.00	0.10	-1.05	1.06	174.29	0.03	172.15	
144	-0.00	0.10	-1.05	1.06	174.31	0.03	172.14	
145	-0.00	0.10	-1.05	1.06	174.32	0.02	172.13	
146	-0.00	0.10	-1.05	1.06	174.33	0.02	172.12	
147	-0.00	0.11	-1.05	1.06	174.33	0.03	172.11	
148	0.00	0.10	-1.05	1.06	174.33	0.02	172.10	
149	-0.00	0.10	-1.05	1.06	174.34	0.02	172.09	
150	0.00	0.10	-1.05	1.06	174.34	0.01	172.08	
151	-0.00	0.10	-1.05	1.06	174.35	0.03	172.07	
152	0.00	0.10	-1.05	1.06	174.37	0.02	172.06	
153	-0.00	0.11	-1.05	1.05	174.36	0.03	172.05	
154	-0.00	0.10	-1.05	1.05	174.37	0.04	172.04	
155	0.00	0.10	-1.05	1.06	174.37	0.04	172.03	
156	-0.00	0.10	-1.05	1.06	174.39	0.03	172.02	
157	-0.00	0.10	-1.05	1.06	174.40	0.03	172.01	
158	-0.00	0.10	-1.06	1.06	174.44	0.04	172.00	
159	-0.00	0.10	-1.06	1.06	174.44	0.05	171.99	
160	-0.00	0.10	-1.05	1.05	174.45	0.05	171.98	
161	-0.00	0.10	-1.06	1.06	174.46	0.05	171.97	
162	-0.00	0.10	-1.05	1.05	174.47	0.05	171.96	
163	-0.00	0.10	-1.05	1.06	174.47	0.05	171.95	
164	-0.00	0.10	-1.05	1.06	174.45	0.06	171.94	
165	-0.00	0.10	-1.05	1.06	174.45	0.07	171.93	
166	-0.00	0.10	-1.05	1.06	174.44	0.08	171.92	
167	0.00	0.10	-1.05	1.06	174.44	0.08	171.90	
168	-0.00	0.10	-1.05	1.06	174.44	0.08	171.89	
169	-0.00	0.11	-1.05	1.06	174.42	0.08	171.88	
170	0.00	0.10	-1.05	1.06	174.40	0.08	171.87	
171	-0.00	0.10	-1.04	1.05	174.38	0.10	171.87	
172	0.00	0.10	-1.05	1.06	174.36	0.14	171.87	
173	-0.01	0.11	-1.05	1.06	174.35	0.19	171.87	
174	-0.00	0.10	-1.05	1.06	174.37	0.26	171.89	
175	-0.01	0.10	-1.05	1.05	174.40	0.29	171.90	
176	-0.00	0.10	-1.05	1.05	174.45	0.27	171.89	
177	-0.01	0.10	-1.04	1.05	174.53	0.29	171.87	
178	0.00	0.10	-1.05	1.05	174.64	0.29	171.84	
179	-0.01	0.10	-1.02	1.03	174.70	0.27	171.83	
180	-0.01	0.09	-1.05	1.06	174.85	0.33	171.82	
181	0.01	0.09	-1.06	1.06	175.10	0.32	171.81	
182	-0.01	0.08	-1.05	1.05	175.47	0.53	171.83	
183	-0.01	0.08	-1.10	1.11	175.84	0.86	171.83	
184	-0.02	0.07	-1.01	1.01	175.99	0.97	171.80	
185	-0.03	0.07	-1.08	1.08	176.41	0.88	171.79	
186	-0.02	0.06	-1.08	1.08	177.11	0.80	171.72	
187	-0.04	0.08	-1.14	1.14	176.70	1.01	171.75	
188	0.03	0.11	-1.28	1.28	175.54	2.07	171.87	
189	-0.03	0.07	-1.04	1.04	176.52	3.65	172.13	
190	-0.10	0.07	-1.15	1.15	178.03	4.14	172.35	
191	-0.30	-0.01	-1.07	1.11	-179.03	6.74	173.18	
192	-0.15	-0.02	-1.05	1.06	-174.78	9.72	174.06	
193	-0.11	-0.16	-0.88	0.90	-171.70	11.35	174.53	
194	-0.18	-0.17	-1.00	1.03	-170.13	11.53	175.07	
195	-0.12	-0.25	-1.01	1.05	-167.88	10.36	175.26	
196	-0.11	-0.28	-1.11	1.15	-166.31	9.60	175.58	
197	-0.38	-0.11	-0.71	0.81	-165.58	10.06	175.59	
198	-0.18	-0.25	-0.98	1.03	-165.44	9.41	175.81	
199	-0.18	-0.24	-1.00	1.04	-165.26	9.24	175.77	
200	-0.21	-0.40	-0.92	1.03	-164.90	9.50	175.72	
201	-0.15	-0.14	-0.95	0.97	-165.83	10.48	175.56	
202	0.00	-0.48	-0.93	1.05	-166.32	11.18	175.64	
203	-0.19	-0.23	-1.06	1.10	-166.45	10.96	175.41	
204	-0.17	-0.20	-0.97	1.00	-166.91	10.21	175.65	
205	-0.19	-0.19	-0.98	1.01	-167.90	10.32	176.10	
206	-0.21	-0.16	-0.97	1.00	-168.37	10.48	176.27	
207	-0.14	-0.20	-1.01	1.03	-168.82	10.66	176.39	
208	-0.20	-0.21	-1.08	1.12	-169.62	10.83	176.43	
209	-0.27	-0.09	-1.07	1.11	-170.93	12.66	176.53	
210	0.18	-0.04	-0.86	0.88	-174.78	8.91	177.59	
211	-0.07	-0.12	-0.89	0.90	-174.57	7.84	178.14	
212	-0.14	-0.14	-0.95	0.97	-172.62	6.64	177.97	
213	-0.16	-0.12	-1.10	1.12	-171.38	6.18	177.98	
214	-0.19	-0.23	-1.05	1.09	-170.56	6.46	178.36	
215	0.15	0.26	-0.86	0.91	-171.09	5.43	179.63	
216	-0.06	-0.54	-1.10	1.23	-169.59	6.01	179.22	
217	-0.20	-0.10	-1.05	1.08	-169.60	7.02	179.26	
218	-0.13	-0.27	-1.03	1.07	-169.43	6.36	178.85	
219	-0.16	-0.17	-1.04	1.07	-169.57	6.83	179.03	
220	-0.19	-0.01	-1.04	1.05	-170.32	6.88	178.95	
221	-0.09	-0.19	-1.01	1.04	-170.36	5.91	178.91	
222	-0.14	-0.17	-0.92	0.95	-170.41	6.32	178.71	
223	-0.13	-0.16	-1.06	1.08	-171.29	6.11	178.83	
224	-0.15	-0.19	-1.00	1.03	-171.05	6.51	178.55	
225	-0.14	-0.16	-1.03	1.05	-171.29	6.67	178.51	
226	-0.13	-0.16	-1.06	1.08	-171.11	6.58	178.47	
227	-0.13	-0.14	-1.01	1.03	-170.77	6.43	178.32	
228	-0.14	-0.20	-1.03	1.06	-170.64	6.44	178.11	
229	-0.13	-0.19	-1.01	1.04	-170.26	6.39	177.85	
230	-0.14	-0.17	-1.03	1.05	-170.47	6.55	177.86	
231	-0.12	-0.16	-1.01	1.03	-170.74	6.57	177.89	
232	-0.05	-0.36	-1.09	1.15	-171.14	6.69	178.09	
233	-0.14	-0.16	-1.03	1.05	-171.72	7.38	178.31	
234	-0.19	-0.11	-1.04	1.06	-172.24	7.81	178.37	
235	-0.08	-0.09	-0.96	0.97	-172.60	6.62	178.41	
236	-0.17	-0.18	-1.16	1.19	-172.22	6.35	178.19	
237	-0.12	-0.15	-1.01	1.03	-171.03	5.74	178.03	
238	-0.11	-0.27	-1.12	1.16	-170.17	5.72	178.01	
239	-0.13	-0.19	-1.05	1.07	-169.69	5.80	178.13	
240	-0.10	-0.22	-1.03	1.06	-168.15	5.14	178.09	
241	-0.09	-0.22	-0.97	1.00	-166.06	4.64	177.92	
242	-0.10	-0.23	-1.02	1.05	-165.34	4.57	177.81	
243	-0.09	-0.27	-1.01	1.05	-165.17	4.42	177.81	
244	-0.10	-0.27	-1.02	1.06	-166.06	4.78	177.98	
245	-0.09	-0.21	-1.03	1.06	-167.43	5.71	178.19	
246	-0.13	-0.19	-1.04	1.07	-168.24	6.25	178.22	
247	-0.10	-0.22	-1.05	1.08	-169.18	6.30	178.37	
248	-0.13	-0.18	-1.06	1.08	-169.64	6.33	178.36	
249	-0.11	-0.19	-1.04	1.06	-169.99	6.19	178.41	
250	-0.11	-0.16	-1.01	1.03	-169.90	6.16	178.43	
251	-0.13	-0.18	-1.05	1.07	-170.02	6.45	178.42	
252	-0.09	-0.16	-1.03	1.05	-170.61	6.35	178.49	
253	-0.12	-0.16	-1.04	1.06	-171.15	6.38	178.48	
254	-0.13	-0.16	-1.04	1.06	-171.51	6.56	178.31	
255	-0.14	-0.16	-1.05	1.07	-171.83	6.77	178.31	
256	-0.11	-0.08	-1.06	1.07	-172.34	6.89	178.45	
257	-0.15	-0.20	-1.09	1.12	-172.56	6.63	178.53	
258	-0.12	-0.07	-1.03	1.04	-172.53	6.67	178.43	
259	-0.13	-0.25	-1.09	1.13	-172.79	6.35	178.24	
260	-0.11	-0.17	-1.06	1.08	-172.66	5.77	178.09	
261	-0.14	-0.16	-1.05	1.07	-172.19	5.64	177.89	
262	-0.09	-0.19	-1.09	1.11	-172.34	5.50	177.96	
263	-0.09	-0.13	-0.98	0.99	-172.75	5.54	178.05	
264	-0.09	-0.11	-1.05	1.06	-174.19	5.54	178.57	
265	-0.13	-0.06	-1.03	1.04	-175.68	5.53	179.43	
266	-0.12	-0.06	-1.08	1.09	-177.67	5.90	-179.95	
267	-0.11	0.00	-0.99	1.00	-178.39	5.75	-179.76	
268	-0.09	-0.02	-1.06	1.06	-178.94	5.43	-179.68	
269	-0.10	-0.02	-1.06	1.06	-179.13	5.26	-179.68	
270	-0.10	-0.00	-1.08	1.08	-179.25	5.15	-179.71	
271	-0.10	-0.04	-1.05	1.05	-179.22	4.95	-179.80	
272	-0.09	0.01	-1.01	1.02	-179.11	4.70	-179.77	
273	-0.07	-0.03	-1.05	1.05	-179.02	4.41	-179.74	
274	-0.09	-0.02	-1.06	1.06	-179.33	4.64	-179.75	
275	-0.06	-0.04	-1.06	1.06	-179.94	5.12	-179.80	
276	-0.08	-0.02	-1.04	1.04	179.42	5.65	-179.83	
277	-0.07	-0.01	-1.05	1.06	178.79	6.09	-179.90	
278	-0.08	-0.01	-1.06	1.06	178.52	5.90	-179.52	
279	-0.06	-0.01	-1.04	1.04	178.05	5.62	-179.43	
280	-0.08	-0.01	-1.07	1.07	177.67	5.29	-179.36	
281	-0.04	-0.01	-1.05	1.05	177.36	4.55	-179.06	
282	-0.10	-0.01	-1.08	1.08	176.08	4.14	-178.01	
283	-0.03	0.07	-1.08	1.08	175.12	3.31	-177.79	
284	-0.00	0.06	-1.09	1.09	174.71	2.72	-177.66	
285	-0.05	0.10	-1.04	1.04	174.41	2.83	-177.45	
286	-0.02	0.07	-1.07	1.07	174.51	2.65	-177.47	
287	-0.04	0.09	-1.05	1.05	174.70	2.55	-177.52	
288	-0.03	0.08	-1.05	1.06	174.82	2.39	-177.57	
289	-0.04	0.08	-1.05	1.05	174.96	2.27	-177.62	
290	-0.02	0.09	-1.05	1.06	174.92	2.11	-177.62	
291	-0.01	0.08	-1.06	1.06	174.87	1.98	-177.64	
292	-0.01	0.08	-1.04	1.04	174.54	1.92	-177.60	
293	-0.03	0.09	-1.06	1.06	174.31	1.85	-177.49	
294	-0.02	0.12	-1.07	1.08	173.99	1.70	-177.47	
295	-0.07	0.13	-0.94	0.95	173.64	2.31	-177.31	
296	-0.02	0.05	-1.14	1.14	174.65	3.14	-177.79	
297	-0.12	0.00	-1.13	1.14	172.39	6.28	-177.81	
298	-0.18	0.08	-1.07	1.09	172.81	9.44	-177.69	
299	-0.27	0.12	-1.07	1.11	173.96	11.40	-177.93	
300	-0.21	0.06	-1.03	1.06	174.95	10.84	-178.16	
301	-0.18	0.07	-1.05	1.07	175.09	9.49	-178.44	
302	-0.17	0.04	-1.08	1.10	175.05	8.29	-178.60	
303	-0.14	0.06	-1.08	1.09	175.06	7.75	-178.80	
304	-0.12	0.12	-1.03	1.05	175.07	7.33	-178.95	
0	-0.05	-0.98	0.14	0.99	-81.54	21.16	18.30	
1	-0.04	-0.98	0.14	0.99	-81.89	21.74	18.69	
2	-0.05	-0.98	0.13	0.99	-82.19	22.15	18.95	
3	-0.05	-0.98	0.15	0.99	-82.43	22.74	19.42	
4	-0.05	-0.98	0.12	0.99	-82.79	23.98	20.58	
5	-0.07	-0.98	0.14	0.99	-83.04	25.86	22.58	
6	-0.08	-0.99	0.13	1.00	-83.17	29.08	26.11	
7	-0.08	-0.98	0.13	0.99	-83.29	32.58	30.01	
8	-0.09	-0.98	0.14	1.00	-83.35	35.44	33.18	
9	-0.08	-0.97	0.15	0.99	-83.32	36.02	34.05	
10	-0.09	-0.96	0.14	0.98	-83.44	36.77	34.82	
11	-0.08	-0.98	0.12	0.99	-83.58	38.02	36.13	
12	-0.08	-0.97	0.12	0.98	-83.61	40.10	38.52	
13	-0.08	-0.99	0.16	1.00	-83.72	42.73	41.44	
14	-0.09	-0.95	0.20	0.98	-83.79	46.17	45.28	
15	-0.08	-0.98	0.11	0.99	-84.51	54.29	53.38	
16	-0.09	-0.99	0.09	1.00	-84.94	62.89	61.83	
17	-0.11	-1.00	0.09	1.01	-84.98	71.09	70.27	
18	-0.08	-0.97	0.11	0.98	-84.85	73.14	72.75	
19	-0.06	-0.99	0.09	1.00	-84.84	75.96	76.07	
20	-0.06	-1.02	0.10	1.03	-84.92	77.35	77.59	
21	-0.07	-0.96	0.06	0.97	-85.14	80.79	80.62	
22	-0.08	-0.99	-0.00	0.99	-94.41	86.37	92.45	
23	-0.03	-0.95	-0.05	0.95	-94.18	69.77	107.66	
24	-0.04	-0.99	-0.03	0.99	-94.30	56.73	118.23	
25	-0.11	-1.01	0.04	1.02	-94.95	48.03	124.55	
26	-0.20	-1.08	0.14	1.11	-95.28	47.38	123.93	
27	-0.10	-1.02	0.14	1.04	-94.80	49.86	121.68	
28	0.03	-1.01	0.04	1.01	-94.25	43.88	128.61	
29	0.04	-0.94	0.09	0.95	-93.15	46.08	127.17	
30	0.02	-0.94	0.12	0.95	-92.50	43.83	129.59	
31	0.00	-0.97	0.17	0.98	-91.86	45.57	127.51	
32	0.05	-0.93	0.18	0.95	-91.36	42.78	129.90	
33	0.02	-0.95	0.17	0.97	-91.15	28.70	143.05	
34	0.02	-1.08	0.07	1.09	-91.66	4.05	166.54	
35	-0.07	-1.13	0.04	1.13	-92.40	3.01	167.09	
36	-0.13	-1.11	0.09	1.12	-92.36	17.67	153.82	
37	0.11	-0.99	0.06	1.00	-91.58	24.09	149.16	
38	0.10	-1.00	0.07	1.00	-90.56	34.67	138.66	
39	-0.05	-0.98	-0.02	0.98	-90.55	63.78	109.41	
40	-0.09	-0.97	-0.01	0.98	-88.72	85.38	78.86	
41	-0.15	-0.89	-0.07	0.91	-87.61	86.71	80.97	
42	-0.16	-0.95	-0.12	0.98	-93.54	74.49	101.52	
43	-0.10	-1.10	-0.04	1.11	-94.71	66.35	111.69	
44	-0.11	-1.01	-0.01	1.01	-95.85	66.40	112.77	
45	-0.15	-0.94	-0.00	0.95	-97.01	66.32	112.98	
46	-0.24	-0.91	-0.01	0.94	-98.44	65.38	114.13	
47	-0.21	-0.93	-0.01	0.96	-99.80	62.93	117.25	
48	-0.16	-0.96	0.01	0.98	-100.76	60.33	120.59	
49	-0.17	-0.93	0.06	0.94	-101.23	59.66	121.94	
50	-0.18	-0.94	0.08	0.96	-101.11	59.50	122.47	
51	-0.12	-0.96	0.08	0.97	-100.30	58.25	123.84	
52	-0.14	-0.99	0.04	1.00	-99.58	54.72	127.27	
53	-0.12	-1.04	0.03	1.05	-99.11	52.87	129.41	
54	-0.08	-0.99	0.12	1.00	-98.36	53.43	128.31	
55	-0.13	-1.15	0.06	1.16	-97.44	54.19	125.78	
56	-0.24	-1.22	-0.12	1.25	-97.66	52.84	125.11	
57	-0.08	-0.95	0.07	0.96	-97.16	62.87	114.83	
58	-0.09	-1.00	-0.08	1.01	-96.55	66.79	109.59	
59	-0.06	-0.84	-0.16	0.86	-96.97	56.73	117.44	
60	-0.05	-1.08	-0.20	1.10	-97.52	41.97	130.22	
61	-0.13	-1.03	-0.20	1.06	-98.47	30.14	141.28	
62	-0.03	-0.96	-0.12	0.97	-98.56	23.18	149.41	
63	0.11	-0.86	-0.10	0.88	-98.34	13.94	159.95	
64	0.11	-0.99	-0.11	1.01	-99.89	1.51	172.43	
65	0.07	-0.93	-0.09	0.94	-101.45	-5.73	179.54	
66	0.02	-1.03	-0.03	1.03	-102.41	-8.15	-177.99	
67	0.09	-1.01	-0.13	1.02	-103.23	-9.34	-176.63	
68	-0.03	-0.96	-0.16	0.98	-103.69	-7.14	-178.31	
69	0.08	-0.91	-0.09	0.92	-103.20	-6.77	-177.90	
70	0.10	-0.87	-0.19	0.90	-104.83	-7.17	-177.87	
71	0.06	-0.84	-0.23	0.87	-106.61	-6.04	-178.83	
72	0.07	-0.80	-0.26	0.84	-108.63	-4.17	-179.58	
73	0.11	-0.68	-0.12	0.70	-109.97	-2.51	179.16	
74	0.04	-0.80	-0.15	0.81	-111.83	-0.49	177.64	
75	-0.08	-0.75	-0.09	0.76	-112.30	0.98	175.06	
76	-0.11	-0.82	-0.06	0.83	-111.08	3.10	171.49	
77	-0.17	-0.92	-0.16	0.95	-109.93	8.65	167.58	
78	-0.20	-0.95	-0.22	1.00	-108.83	13.82	164.12	
79	-0.11	-1.02	-0.22	1.05	-107.13	16.86	161.57	
80	-0.01	-1.02	0.20	1.04	-103.13	18.24	158.62	
81	0.02	-0.55	0.28	0.62	-100.67	17.00	156.28	
82	0.17	-1.26	-1.15	1.72	-105.85	6.49	163.73	
83	0.10	-0.17	-0.08	0.21	-109.02	2.42	162.84	
84	-0.79	-0.40	0.06	0.89	-114.35	7.97	156.56	
85	0.78	-4.00	-1.70	4.41	-128.06	-14.26	168.80	
86	-0.52	-1.24	0.96	1.65	-139.08	-2.30	166.11	
87	0.81	-0.37	0.54	1.04	-155.40	-13.92	169.62	
88	-0.05	-0.39	-0.49	0.62	-170.41	-7.56	167.48	
89	0.15	0.64	-0.64	0.92	178.59	-3.30	168.93	
90	0.43	-0.27	-2.45	2.50	176.53	0.25	170.91	
91	0.07	0.76	0.20	0.79	173.35	-3.93	173.02	
92	-0.19	0.06	-1.04	1.06	171.87	-2.76	172.79	
93	-0.06	0.68	-0.71	0.98	170.76	-1.17	172.23	
94	0.09	-0.02	-0.97	0.98	166.31	-4.76	171.46	
95	-0.04	0.00	-0.80	0.80	164.97	-5.01	171.43	
96	0.35	0.06	-1.25	1.30	165.10	-8.16	170.80	
97	0.58	1.30	-1.49	2.06	171.49	-6.08	171.62	
98	0.89	5.59	8.00	9.80	169.47	-6.54	170.07	
99	0.07	0.48	-3.02	3.06	164.53	-4.92	168.05	
100	-0.10	0.21	-1.37	1.39	160.52	-3.58	168.38	
101	0.06	0.10	-0.67	0.68	156.55	-4.00	168.49	
102	-0.03	0.12	-0.59	0.60	158.36	-4.00	169.05	
103	-0.13	0.19	-1.14	1.16	161.82	-3.91	169.43	
104	-0.24	0.22	-1.59	1.63	165.64	-2.96	170.15	
105	-0.03	0.09	-1.21	1.22	166.15	-2.79	170.22	
106	0.01	0.05	-0.89	0.89	166.22	-3.26	170.27	
107	0.02	0.05	-0.95	0.95	166.82	-2.98	170.30	
108	0.01	0.05	-1.10	1.10	167.70	-2.39	170.23	
109	-0.00	0.04	-1.10	1.10	168.76	-1.73	170.18	
110	-0.00	0.03	-1.07	1.08	169.52	-1.35	170.19	
111	-0.01	0.04	-1.06	1.06	170.00	-1.06	170.25	
112	-0.01	0.03	-1.05	1.05	170.48	-0.94	170.28	
113	-0.01	0.03	-1.05	1.05	170.90	-0.79	170.29	
114	-0.01	0.03	-1.06	1.06	171.43	-0.65	170.27	
115	-0.01	0.02	-1.06	1.06	171.92	-0.69	170.26	
116	-0.01	0.03	-1.05	1.05	172.26	-0.75	170.25	
117	-0.00	0.03	-1.06	1.06	172.55	-0.79	170.24	
118	-0.00	0.02	-1.05	1.05	172.85	-0.81	170.22	
119	-0.00	0.03	-1.06	1.06	173.10	-0.81	170.22	
120	-0.00	0.03	-1.05	1.05	173.32	-0.74	170.22	
121	-0.00	0.02	-1.06	1.06	173.56	-0.67	170.22	
122	-0.01	0.03	-1.06	1.06	173.79	-0.60	170.22	
123	-0.01	0.03	-1.05	1.05	173.98	-0.54	170.21	
124	-0.01	0.02	-1.05	1.05	174.17	-0.51	170.21	
125	-0.00	0.02	-1.05	1.05	174.34	-0.52	170.20	
126	-0.00	0.02	-1.05	1.05	174.50	-0.52	170.19	
127	-0.00	0.03	-1.05	1.05	174.64	-0.52	170.18	
128	-0.00	0.03	-1.05	1.05	174.78	-0.49	170.18	
129	-0.00	0.03	-1.06	1.06	174.89	-0.47	170.17	
130	0.00	0.03	-1.06	1.06	175.00	-0.45	170.17	
131	-0.00	0.03	-1.05	1.05	175.10	-0.43	170.16	
132	-0.00	0.03	-1.05	1.05	175.22	-0.43	170.15	
133	-0.00	0.03	-1.06	1.06	175.34	-0.42	170.14	
134	-0.00	0.03	-1.06	1.06	175.43	-0.40	170.13	
135	-0.00	0.03	-1.05	1.05	175.52	-0.39	170.12	
136	-0.00	0.03	-1.06	1.06	175.60	-0.36	170.11	
137	0.00	0.03	-1.06	1.06	175.69	-0.35	170.11	
138	-0.00	0.03	-1.05	1.06	175.78	-0.33	170.10	
139	-0.01	0.03	-1.05	1.05	175.85	-0.31	170.09	
140	-0.01	0.03	-1.06	1.06	175.91	-0.29	170.08	
141	-0.00	0.03	-1.09	1.09	175.97	-0.31	170.08	
142	-0.01	0.03	-1.07	1.07	175.79	-0.18	170.09	
143	0.00	0.05	-1.05	1.06	175.53	-0.29	170.15	
144	0.01	0.03	-0.99	0.99	176.00	-0.80	170.20	
145	0.02	0.02	-1.02	1.02	176.67	-0.94	170.19	
146	-0.01	0.01	-1.09	1.09	177.27	-0.72	170.19	
147	-0.00	0.01	-1.08	1.08	177.40	-0.57	170.22	
148	0.01	0.01	-1.07	1.07	177.73	-0.60	170.27	
149	0.01	-0.00	-1.06	1.06	178.35	-0.78	170.26	
150	0.01	-0.01	-1.02	1.02	178.83	-1.10	170.26	
151	0.01	-0.01	-1.05	1.05	179.05	-1.33	170.27	
152	0.03	-0.03	-1.07	1.07	179.46	-1.25	170.25	
153	0.02	-0.02	-1.09	1.09	179.64	-1.09	170.25	
154	0.01	-0.03	-1.05	1.05	179.73	-0.87	170.28	
155	-0.00	-0.03	-1.08	1.08	179.92	-0.44	170.33	
156	-0.02	-0.03	-1.02	1.03	-179.66	-0.10	170.35	
157	0.00	-0.02	-1.09	1.09	-179.34	-0.11	170.41	
158	0.01	-0.05	-1.03	1.04	-178.46	-0.72	170.48	
159	0.03	-0.07	-1.05	1.05	-177.63	-0.98	170.49	
160	0.01	-0.09	-0.98	0.99	-176.53	-1.33	170.40	
161	0.07	-0.10	-1.12	1.12	-175.61	-2.06	170.19	
162	-0.00	-0.16	-0.97	0.99	-174.61	-2.66	169.85	
163	0.06	-0.16	-1.17	1.18	-175.07	-3.26	170.06	
164	0.06	-0.11	-1.07	1.07	-174.52	-5.02	170.25	
165	0.09	-0.13	-1.10	1.11	-174.30	-5.86	170.38	
166	0.11	-0.16	-0.99	1.01	-173.70	-6.67	170.55	
167	0.14	-0.13	-1.02	1.03	-173.31	-7.64	170.95	
168	0.71	0.36	-0.82	1.14	-172.97	-11.81	174.89	
169	0.21	-0.19	-1.18	1.21	-171.78	-12.76	176.94	
170	0.48	-0.19	-1.19	1.29	-172.38	-13.74	178.22	
171	0.22	-0.21	-0.96	1.00	-171.30	-15.02	177.14	
172	0.22	-0.12	-1.14	1.16	-174.13	-14.20	174.53	
173	0.31	-0.08	-0.95	1.01	-175.39	-14.62	173.48	
174	0.32	-0.27	-0.72	0.84	-172.20	-18.88	173.42	
175	0.28	-0.18	-0.98	1.04	-171.58	-20.10	172.83	
176	0.15	-0.29	-1.23	1.27	-172.44	-19.20	171.86	
177	0.47	-0.33	-0.35	0.67	-167.30	-33.73	174.23	
178	0.51	-0.21	-0.94	1.09	-168.69	-31.90	173.51	
179	0.46	-0.17	-0.73	0.88	-171.55	-26.49	172.61	
180	0.47	-0.12	-0.72	0.87	-170.68	-28.70	173.58	
181	0.42	-0.25	-0.87	1.00	-170.62	-30.64	173.48	
182	0.58	-0.21	-0.87	1.06	-169.39	-33.68	175.56	
183	0.52	-0.25	-0.99	1.15	-168.22	-32.36	177.09	
184	0.45	-0.44	-0.81	1.02	-166.43	-30.92	176.69	
185	0.47	-0.29	-0.85	1.02	-165.36	-30.48	177.05	
186	0.48	-0.16	-0.97	1.09	-165.56	-28.48	176.66	
187	0.46	-0.27	-0.84	0.99	-165.36	-28.86	177.32	
188	0.49	-0.27	-1.04	1.19	-166.06	-29.26	177.10	
189	0.62	-0.15	-0.65	0.92	-166.62	-32.02	177.53	
190	0.57	-0.22	-0.87	1.06	-166.99	-33.97	177.96	
191	0.49	-0.31	-0.83	1.02	-167.54	-34.56	176.12	
192	0.39	-0.34	-0.78	0.93	-167.62	-34.22	174.26	
193	0.50	-0.25	-0.78	0.96	-168.17	-33.88	173.41	
194	0.34	-0.20	-0.82	0.91	-167.26	-32.88	174.24	
195	0.57	-0.29	-0.86	1.07	-167.26	-33.20	174.46	
196	0.57	-0.25	-0.82	1.03	-167.83	-33.87	174.02	
197	0.61	-0.20	-0.90	1.10	-168.60	-34.67	173.26	
198	0.55	-0.23	-0.88	1.07	-168.79	-34.40	172.81	
199	0.54	-0.25	-0.79	0.99	-167.88	-35.12	174.38	
200	0.86	-0.05	-0.77	1.16	-167.38	-37.07	177.54	
201	0.57	-0.26	-0.85	1.06	-166.95	-36.82	177.79	
202	0.63	-0.24	-0.80	1.05	-166.19	-38.24	179.05	
203	0.58	-0.28	-0.81	1.04	-166.08	-38.41	178.35	
204	0.59	-0.24	-0.78	1.01	-166.17	-38.95	177.27	
205	0.65	-0.22	-0.87	1.11	-166.78	-38.28	176.48	
206	0.56	-0.34	-0.72	0.97	-166.01	-39.19	176.65	
207	0.71	-0.23	-0.80	1.10	-166.16	-39.18	-178.55	
208	0.52	-0.36	-0.65	0.91	-165.37	-38.22	-175.91	
209	0.28	-0.32	-0.80	0.91	-163.45	-32.47	-176.58	
210	0.38	-0.48	-0.87	1.07	-162.34	-30.41	-175.52	
211	0.56	-0.23	-0.83	1.03	-162.52	-32.05	-175.48	
212	0.54	-0.31	-0.83	1.04	-162.20	-33.65	-176.30	
213	0.60	-0.25	-0.81	1.04	-162.23	-34.37	-177.55	
214	0.56	-0.28	-0.79	1.01	-162.34	-34.74	-179.53	
215	0.56	-0.28	-0.90	1.10	-163.07	-33.46	178.49	
216	0.57	-0.31	-0.82	1.05	-162.93	-34.31	177.33	
217	0.60	-0.26	-0.78	1.02	-162.41	-36.81	177.20	
218	0.60	-0.32	-0.78	1.03	-161.65	-37.79	177.41	
219	0.61	-0.32	-0.77	1.03	-162.15	-36.79	175.61	
220	0.66	-0.37	-0.81	1.11	-162.91	-35.88	173.80	
221	0.48	-0.35	-0.78	0.98	-162.75	-35.44	172.81	
222	0.51	-0.36	-0.71	0.95	-162.47	-35.57	173.56	
223	0.57	-0.34	-0.82	1.06	-162.05	-36.33	173.89	
224	0.58	-0.34	-0.74	1.00	-161.32	-37.84	174.83	
225	0.62	-0.29	-0.75	1.02	-161.53	-38.04	175.79	
226	0.61	-0.32	-0.80	1.06	-161.68	-37.80	176.29	
227	0.61	-0.35	-0.82	1.09	-161.41	-38.00	176.55	
228	0.61	-0.34	-0.83	1.09	-161.00	-38.46	177.20	
229	0.62	-0.32	-0.72	1.00	-159.73	-41.60	178.51	
230	0.69	-0.39	-0.65	1.03	-158.17	-44.72	179.04	
231	0.75	-0.37	-0.74	1.11	-157.64	-46.68	179.74	
